	Millis	 V_cI A_cI	 V_cO A_cO	 V_MT A_MT
CS	306	54.7  0.0 	53.9  0.0 	 0.0  0.0 
CS	437	54.5  0.0 	53.9  0.0 	 0.0  0.0 
CS	569	54.7  0.0 	53.9  4.0 	 0.0  0.0 
CS	900	54.7  0.0 	53.9  0.0 	 0.0  0.0 
CS	b63	54.7  0.0 	53.9  0.0 	 0.0  0.0 
CS	dc7	54.7  0.0 	53.9  0.0 	 0.6  0.0 
CS	115d	54.8  0.0 	53.9  0.0 	 0.0  0.0 
CS	128f	54.8  0.0 	53.9  0.0 	 0.0  0.0 
CS	14f3	54.2  0.8 	54.0  0.0 	 0.0  0.0 
CS	1889	54.7  0.0 	53.9  0.0 	 0.0  0.0 
CS	1aed	54.7  0.4 	53.9  0.0 	 0.0  0.0 
CS	1c1f	54.7  0.0 	53.9  0.0 	 0.0  0.0 
CS	1fbd	54.7  0.0 	53.9  0.0 	 0.0  0.0 
CS	2219	54.7  1.2 	53.9  0.0 	 0.0  0.0 
CS	247d	54.7  0.0 	53.9  0.0 	 0.0  0.0 
CS	2813	54.7  1.6 	53.9  0.0 	 0.0  0.0 
CS	2945	54.7  0.0 	53.9  0.0 	 0.0  0.0 
CS	2ba8	54.7  0.0 	53.9  0.0 	 0.0  0.0 
CS	2f3f	54.7  3.7 	53.7  3.3 	 0.0  0.0 
CS	31a2	54.6  0.0 	53.9  0.0 	 0.0  0.0 
CS	32d4	54.6  0.0 	53.9  0.0 	 0.0  0.5 
CS	379c	54.6  0.0 	53.9  0.0 	 0.0  0.0 
CS	38ce	54.5  0.0 	53.9  0.0 	 0.0  0.0 
CS	3b33	54.6  0.0 	53.9  0.0 	 0.0  0.0 
CS	3ec8	54.6  0.0 	53.9  0.0 	 1.0  0.0 
CS	412d	54.6  0.0 	53.6  0.0 	 0.0  0.0 
CS	425f	54.6  0.0 	53.9  0.0 	 0.0  0.0 
CS	45f4	54.4  0.0 	53.9  0.0 	 0.0  0.0 
CS	4859	54.6  0.0 	53.9  0.0 	 0.0  0.0 
CS	4abc	54.6  0.0 	53.9  0.0 	 0.0  0.0 
CS	4e52	56.3  0.0 	53.9  0.0 	 0.0  0.0 
CS	4f84	54.6  0.0 	53.6  0.0 	 0.0  0.0 
CS	51e8	54.6  0.0 	53.9  0.5 	 0.0  0.0 
CS	557d	54.6  0.0 	53.9  0.0 	 0.0  0.0 
CS	57e2	54.6  0.0 	53.9  0.0 	 0.0  0.0 
CS	5914	54.7  1.6 	53.9  7.4 	 0.1  0.0 
CS	5ddc	54.5  0.0 	53.9  0.0 	 0.0  0.0 
CS	5f0e	54.6  0.0 	53.8  0.0 	 0.0  0.0 
CS	6172	54.6  0.0 	53.9  0.0 	 0.0  0.0 
CS	6508	54.6  0.0 	53.9  0.0 	 0.0  0.0 
CS	676c	54.6  0.0 	53.9  0.0 	 0.0  0.0 
CS	689d	54.6  0.0 	53.9  0.0 	 0.0  0.3 
CS	6c34	55.8  0.0 	53.9  0.0 	 0.0  0.0 
CS	6e9c	54.7  0.0 	53.9  1.5 	 0.0  0.0 
CS	70fb	54.6  0.0 	53.9  2.0 	 0.0  0.0 
CS	7492	54.6  0.0 	54.3  0.0 	 0.0  0.0 
CS	75c4	54.6  0.0 	53.8  0.0 	 0.0  0.0 
CS	7827	54.6  0.0 	53.9  0.0 	 0.6  0.0 
CS	7bbe	54.6  0.0 	54.0  0.0 	 0.0  0.0 
CS	7e21	54.8  0.0 	53.9  0.0 	 0.2  0.0 
CS	7f53	54.6  0.0 	53.9  0.0 	 0.0  0.0 
CS	841b	54.7  0.0 	53.9  0.0 	 0.2  0.0 
CS	854d	54.6  0.0 	53.9  0.0 	 0.0  1.6 
CS	87b2	54.6  0.0 	55.2  0.0 	 0.0  0.0 
CS	8b47	54.6  0.0 	53.9  0.0 	 0.0  0.0 
CS	8dac	54.6  0.0 	53.9  0.0 	 0.0  0.0 
CS	8ede	54.6  0.0 	53.9  0.0 	 0.1  0.0 
CS	9273	54.6  0.0 	53.9  7.1 	 0.0  0.0 
CS	94d8	54.6  0.0 	53.8  0.0 	 0.0  0.0 
CS	973c	54.6  0.0 	53.2  0.0 	 0.0  0.0 
CS	9ad1	54.6  0.0 	53.9  0.0 	 0.0  0.0 
CS	9c04	54.6  0.0 	53.9  0.0 	 0.0  0.0 
CS	9e68	54.6  1.2 	53.9  0.0 	 0.0  0.0 
CS	a1fd	53.9  0.0 	53.9  0.0 	 0.0  0.0 
CS	a594	54.6  0.0 	53.9  0.0 	 0.0  0.0 
CS	a7f7	54.5  0.0 	53.9  0.0 	 0.3  0.0 
CS	aa5c	54.6  0.0 	53.9  0.0 	 0.0  1.7 
CS	adf1	54.6  0.0 	53.9  0.0 	 0.0  0.0 
CS	af23	54.6  0.0 	53.9  0.0 	 0.0  0.0 
CS	b188	54.5  0.0 	53.9  0.0 	 0.0  0.0 
CS	b51d	54.6  0.0 	53.9  0.0 	 0.0  0.0 
CS	b782	54.6  0.0 	53.9  3.3 	 0.0  0.0 
CS	b8b4	54.6  0.0 	53.9  3.3 	 0.0  0.0 
CS	bc51	54.6  1.6 	53.9  0.0 	 0.0  0.0 
CS	beae	54.6  0.0 	53.9  0.0 	 0.0  0.0 
CS	c112	54.6  0.0 	53.9  0.0 	 0.0  0.0 
CS	c4a7	54.6  0.0 	53.6  0.0 	 0.0  0.0 
CS	c5da	54.6  0.0 	53.9  0.0 	 0.0  0.0 
CS	c83e	54.6  0.0 	53.9  0.0 	 0.1  0.0 
CS	cbd3	54.4  1.6 	53.9  4.6 	 0.1  0.0 
CS	ce38	54.6  0.0 	53.9  0.0 	 0.0  0.0 
CS	cf6a	54.6  1.2 	53.9  0.0 	 0.0  0.0 
CS	d442	53.9  0.0 	53.8  0.0 	 0.0  0.0 
CS	d564	54.5  0.0 	53.8  0.0 	 0.0  0.0 
CS	d7c7	54.5  0.0 	55.3  0.0 	 0.0  0.0 
CS	db5e	54.4  0.0 	54.0  0.5 	 0.0  0.0 
CS	ddc1	54.4  0.0 	54.0  0.5 	 0.0  0.0 
CS	def3	54.4  0.0 	53.6  0.5 	 0.0  0.0 
CS	e3bc	54.3  0.0 	53.6  1.0 	 0.0  0.0 
CS	e4ed	54.1  0.0 	53.5  0.0 	 0.0  0.0 
CS	e751	54.2  0.0 	52.9  1.0 	 0.0  0.0 
CS	eae8	54.1  0.0 	53.4  1.5 	 0.0  0.0 
CS	ed4b	54.0  0.0 	53.3  1.5 	 0.2  0.0 
CS	ee7d	54.1  0.0 	53.3  1.5 	 0.0  2.3 
CS	f213	53.9  0.0 	53.3  1.5 	 0.0  0.0 
CS	f477	54.2  0.0 	53.3  1.5 	 0.2  0.0 
CS	f6dc	53.9  1.6 	53.3  1.0 	 0.0  0.0 
CS	fa71	53.9  0.0 	53.2  0.5 	 0.0  0.0 
CS	fba3	53.9  0.0 	53.2  0.0 	 0.0  0.0 
CS	fe18	53.9  0.0 	53.2  0.5 	 0.0  0.0 
CS	1019d	53.9  0.8 	53.2  0.5 	 0.0  0.0 
CS	10402	53.9  0.0 	53.4  0.0 	 0.0  0.0 
CS	10676	53.4  0.0 	53.2  0.0 	 0.0  0.0 
CS	109fb	53.9  0.0 	53.2  0.0 	 0.0  0.0 
CS	10b2e	53.9  0.0 	53.2  0.0 	 0.0  0.0 
CS	10d91	55.3  0.0 	53.2  2.3 	 0.0  0.0 
CS	11127	54.2  0.4 	53.5  1.5 	 0.0  0.0 
CS	1138b	53.9  0.0 	53.3  0.0 	 0.0  0.0 
CS	114bd	53.9  0.0 	53.3  0.0 	 0.0  0.0 
CS	11985	53.7  0.0 	53.2  0.0 	 0.0  0.0 
CS	11ab7	53.9  0.0 	53.2  0.0 	 0.0  0.0 
CS	11d1b	53.9  0.0 	53.0  0.0 	 0.0  0.0 
CS	120b1	53.9  0.0 	54.6  0.0 	 0.0  0.0 
CS	12315	53.9  0.0 	53.2  5.7 	 0.0  0.0 
CS	12447	53.9  0.0 	53.2  0.5 	 0.0  0.0 
CS	1290f	53.9  0.0 	53.2  0.0 	 0.0  0.0 
CS	12a41	54.2  1.6 	53.6  0.0 	54.2  0.1 
CS	12ca4	54.3  1.6 	53.6  0.0 	54.2  0.1 
CS	1303b	54.3  1.2 	53.6  0.0 	54.3  0.1 
CS	1329f	55.4  0.4 	53.6  0.0 	56.1  0.0 
CS	133d0	54.5  2.9 	53.7  0.0 	54.4  0.0 
CS	138a9	54.5  0.4 	53.9  0.0 	54.5  0.1 
CS	139ca	54.5  0.4 	53.9  0.0 	54.5  0.1 
CS	13c2f	54.6  0.0 	53.9  0.0 	54.7  0.0 
CS	13fc5	54.5  0.4 	53.9  0.5 	54.6  0.1 
CS	14228	54.6  1.2 	54.1  0.5 	54.8  0.0 
CS	1435b	54.8  1.2 	53.9  0.0 	54.8  0.1 
CS	14822	54.8  2.9 	54.2  0.0 	54.1  0.1 
CS	14bb9	54.9  0.4 	54.2  1.0 	54.8  0.0 
CS	14ceb	54.8  0.4 	54.2  0.5 	54.8  0.1 
CS	14f4e	55.0  0.4 	54.2  0.0 	54.9  0.1 
CS	152e5	55.2  0.4 	54.3  0.0 	55.1  0.1 
CS	15549	55.1  0.0 	54.6  0.0 	55.0  0.1 
CS	1567a	55.1  0.0 	54.4  0.0 	55.8  0.1 
CS	15b43	55.0  0.4 	54.5  0.5 	55.2  0.1 
CS	15c75	55.2  0.4 	54.5  0.0 	54.5  0.1 
CS	15ed9	55.2  0.4 	54.6  0.0 	55.2  0.1 
CS	1626f	55.3  0.8 	54.5  3.3 	55.2  0.0 
CS	164d2	55.3  0.0 	54.6  0.0 	55.2  2.9 
CS	16605	55.4  0.0 	54.6  0.0 	54.8  0.1 
CS	16acc	55.4  0.0 	54.6  0.0 	55.3  0.0 
CS	16bfe	54.8  0.0 	54.7  0.0 	55.2  0.1 
CS	16e63	55.5  0.0 	54.7  0.0 	55.3  0.0 
CS	171f8	55.3  0.0 	54.5  0.0 	54.5  0.1 
CS	1745d	55.3  0.0 	54.5  0.0 	55.8  0.1 
CS	1758f	55.3  0.8 	54.5  0.0 	54.5  0.8 
CS	17a57	55.2  0.0 	54.5  0.0 	54.5  0.0 
CS	17b9a	55.2  0.0 	54.5  0.0 	54.5  0.1 
CS	17ded	55.3  0.0 	54.5  0.0 	54.5  0.1 
CS	18183	55.2  0.0 	54.5  0.0 	54.5  0.1 
CS	183e7	55.5  0.0 	54.6  0.0 	54.5  0.0 
CS	18519	55.1  0.0 	55.6  0.5 	54.4  0.1 
CS	189e1	55.5  0.0 	54.7  0.0 	55.4  0.0 
CS	18b13	55.8  0.4 	54.8  0.0 	55.3  0.1 
CS	18d77	55.5  0.0 	54.8  0.0 	55.4  0.1 
CS	1910d	55.5  0.0 	54.8  0.0 	55.5  0.0 
CS	19371	55.5  0.0 	54.8  0.0 	55.5  0.1 
CS	194a3	55.5  0.0 	54.1  0.0 	55.5  0.1 
CS	1983e	55.6  0.0 	54.8  0.0 	55.5  0.1 
CS	19a9d	55.6  0.0 	54.9  0.0 	55.5  0.1 
CS	19d01	55.7  0.0 	54.9  0.0 	55.5  0.1 
CS	1a097	55.6  0.0 	55.0  0.0 	55.6  0.1 
CS	1a2fb	55.8  0.0 	55.0  0.0 	55.7  0.0 
CS	1a42d	55.2  0.0 	55.0  0.0 	55.5  0.1 
CS	1a7c3	55.8  0.0 	55.1  0.0 	55.7  0.0 
CS	1aa2d	55.8  0.0 	54.9  0.0 	55.8  0.0 
CS	1ac8b	55.8  0.0 	55.1  0.0 	55.8  0.0 
CS	1b021	55.8  0.0 	55.2  0.0 	55.8  0.1 
CS	1b153	55.6  0.0 	55.2  0.0 	55.7  0.1 
CS	1b3b7	55.9  0.4 	55.2  0.0 	55.8  0.5 
CS	1b74d	55.8  6.5 	54.9  3.3 	55.0  0.0 
CS	1b9b2	55.8  0.0 	55.1  0.0 	55.0  0.1 
CS	1bae4	55.8  0.0 	55.1  0.0 	55.0  0.1 
CS	1bfac	55.8  0.0 	55.1  0.0 	55.0  0.1 
CS	1c0de	55.8  0.0 	55.0  0.0 	55.0  0.1 
CS	1c342	55.8  0.0 	55.0  0.0 	55.0  0.0 
CS	1c6d8	55.7  0.0 	55.0  0.0 	55.0  0.1 
CS	1c93c	55.8  0.0 	55.0  2.0 	55.0  0.1 
CS	1ca6e	55.9  0.0 	55.0  0.0 	54.8  0.1 
CS	1cf36	57.2  0.0 	55.2  0.0 	55.1  0.1 
CS	1d068	55.8  0.0 	55.2  0.0 	55.8  0.1 
CS	1d2cc	55.9  0.0 	55.2  0.0 	55.8  0.1 
CS	1d662	56.0  0.0 	55.2  0.0 	55.9  0.0 
CS	1d8c6	56.0  0.0 	55.2  0.0 	55.8  0.1 
CS	1d9f8	56.0  0.0 	55.2  0.0 	55.9  0.1 
CS	1dec0	56.0  0.0 	55.3  0.0 	55.9  0.1 
CS	1dff2	56.1  0.0 	55.3  3.3 	55.9  0.1 
CS	1e257	56.1  0.0 	55.3  0.0 	55.9  0.1 
CS	1e5ec	56.1  0.0 	55.4  0.0 	56.1  0.0 
CS	1e862	56.2  0.0 	55.4  0.0 	56.3  0.1 
CS	1e983	56.2  0.0 	55.4  0.0 	57.2  0.1 
CS	1ee4a	56.2  0.0 	55.4  0.0 	56.1  0.1 
CS	1f1e1	56.0  0.0 	55.5  0.0 	56.3  0.1 
CS	1f313	56.2  0.0 	54.9  0.0 	56.1  0.0 
CS	1f576	56.2  0.0 	55.8  0.0 	56.1  0.1 
CS	1f91e	56.5  0.0 	55.5  6.9 	56.1  0.1 
CS	1fb71	56.2  0.0 	55.6  0.0 	56.1  0.1 
CS	1fca3	56.2  0.0 	55.4  0.0 	55.5  0.1 
CS	2016b	56.3  0.0 	55.6  0.0 	56.2  0.1 
CS	2029d	56.3  0.0 	55.6  0.0 	56.2  0.0 
CS	20502	56.4  0.0 	55.5  0.0 	56.2  0.1 
CS	20897	54.9  0.0 	54.1  6.0 	54.4  9.3 
CS	20afb	53.6  0.0 	54.3  8.0 	53.2 14.5 
CS	20c2e	53.0  0.0 	52.7  8.3 	53.1 14.1 
CS	210f5	53.3  0.0 	52.4  6.6 	52.8 12.4 
CS	21227	53.2  0.0 	52.3  6.6 	52.7 12.1 
CS	2148c	52.0  0.0 	50.6 12.8 	51.7 14.9 
CS	21822	51.5  0.4 	50.8  8.6 	51.1 12.0 
CS	21a86	52.0  0.0 	51.3  5.7 	51.4  6.8 
CS	21bb8	51.4  0.0 	50.8  5.4 	51.1  9.0 
CS	21f53	51.5  0.0 	51.6  0.0 	51.5  3.2 
CS	221b3	51.7  0.0 	51.0  5.7 	51.1  4.7 
CS	22416	49.1  0.0 	48.3 13.3 	48.8 17.3 
CS	227ad	48.5  0.0 	47.8 10.0 	48.4 14.1 
CS	22a11	46.4  0.0 	45.6 21.3 	46.5 25.7 
CS	22b53	47.7  0.0 	47.1 11.1 	47.8 27.9 
CS	22ed9	45.8  0.0 	45.9 11.1 	47.1 28.9 
CS	23142	46.8  0.0 	46.4  4.9 	46.9 21.7 
CS	233b3	47.4  0.0 	46.8  4.6 	47.4 19.6 
CS	23738	47.5  0.0 	46.9  1.5 	47.5 16.4 
CS	2386a	48.4  2.3 	47.8  0.0 	48.8  6.4 
CS	23acd	50.1  7.5 	49.3  0.5 	50.1  0.0 
CS	23e64	50.5  7.0 	50.9  0.0 	50.5  0.0 
CS	240c8	50.8  6.5 	50.0  0.0 	50.5  0.0 
CS	2432d	51.0  7.3 	50.3  0.0 	51.1  0.0 
CS	246c2	46.3  0.0 	45.5 12.5 	46.9 33.6 
CS	247f4	44.1  0.0 	43.4 21.0 	45.5 40.0 
CS	24a59	50.2  7.8 	49.5  1.5 	50.3  0.0 
CS	24def	50.5  6.8 	49.7  0.0 	50.6  0.0 
CS	25053	50.7  6.3 	49.3  0.0 	50.8  0.3 
CS	25186	48.8  0.0 	47.7  5.7 	48.1 19.6 
CS	2564d	46.0  0.0 	46.6  4.0 	46.5 22.8 
CS	25780	44.2  0.0 	43.6 12.3 	44.8 35.3 
CS	259e4	41.0  0.0 	41.3 24.6 	42.5 31.2 
CS	25d8b	40.7  0.0 	40.2 21.0 	41.1 25.1 
CS	25fdf	40.8  0.0 	40.3 15.7 	41.1 19.3 
CS	26111	40.3  0.0 	40.1 17.0 	40.7 19.9 
CS	265ea	43.6  5.7 	43.1  0.0 	42.4  0.1 
CS	2670b	43.6  0.0 	43.1  0.0 	43.0  0.1 
CS	2696f	43.1  0.0 	43.2  0.0 	42.8  0.1 
CS	26d06	43.7  0.0 	43.2  0.0 	43.0  0.0 
CS	26f6a	43.7  0.0 	43.2  0.0 	43.1  0.1 
CS	2709c	43.7  0.0 	43.5  0.0 	43.1  0.1 
CS	27438	47.3 12.0 	46.7  0.5 	47.5  0.0 
CS	27697	47.6 11.7 	46.9  0.0 	48.8  0.3 
CS	278fa	48.0 10.9 	47.3  0.0 	48.2  0.7 
CS	27c91	42.5  0.0 	42.9  5.7 	44.6 29.1 
CS	27ef5	41.3  0.0 	40.8  4.6 	42.3 32.4 
CS	28027	41.4  0.0 	40.7  6.6 	41.3 34.6 
CS	283be	47.8 12.0 	47.2  0.5 	48.0  0.0 
CS	28627	48.2 11.1 	47.5  0.5 	48.4  0.0 
CS	28887	45.9  0.0 	45.2  0.0 	45.2  0.0 
CS	28c1d	49.1  9.7 	48.5  0.5 	49.2  0.0 
CS	28d4e	49.0 10.0 	48.5  0.5 	49.4  0.0 
CS	28fb3	49.5  9.0 	48.8  0.0 	49.6  0.0 
CS	29349	49.8  5.0 	49.1  0.0 	49.8  0.8 
CS	29823	45.2  0.0 	44.2  5.4 	45.2 25.3 
CS	29944	45.7  0.0 	46.7  3.7 	45.6 21.1 
CS	29ba8	42.4  0.0 	41.7 15.7 	43.1 40.0 
CS	29f3f	42.8  0.0 	42.6 10.3 	42.9 34.9 
CS	2a1a3	38.6  0.0 	38.1 21.7 	39.3 26.1 
CS	2a2d4	40.2  0.0 	39.6 17.0 	40.3 21.2 
CS	2a66b	39.7  0.0 	39.3 15.7 	39.3 17.4 
CS	2a8e1	38.3  0.0 	37.6 16.3 	38.3 19.5 
CS	2ab34	39.7  0.0 	39.2 10.9 	39.7 11.9 
CS	2aeca	41.3  0.0 	40.8  0.0 	40.7  0.1 
CS	2b12f	41.4  0.0 	40.7  0.0 	40.8  0.0 
CS	2b261	41.4  0.0 	40.9  0.5 	40.8  0.1 
CS	2b5f7	41.0  0.0 	40.8  0.5 	40.8  0.1 
CS	2b861	45.2 16.3 	44.6  1.0 	45.5  0.0 
CS	2bac0	45.7 14.6 	45.0  0.5 	45.9  0.0 
CS	2be56	46.1 12.6 	45.5  1.5 	46.4  0.0 
CS	2bf88	46.1 11.1 	45.5  0.0 	46.4  1.1 
CS	2c1ec	45.7  7.5 	45.1  0.0 	45.8  4.6 
CS	2c583	42.7  0.0 	40.5  7.4 	41.3 30.9 
CS	2c7e7	40.6  0.0 	39.8  3.0 	40.8 30.9 
CS	2c919	40.6  0.0 	40.2  6.3 	41.0 29.2 
CS	2cde2	41.5  0.0 	41.1  0.5 	41.8 23.1 
CS	2cf14	42.2  0.0 	41.8  2.0 	41.7  0.7 
CS	2d177	42.7  0.4 	41.8  1.0 	43.3  0.0 
CS	2d50e	42.3  0.0 	41.8  6.3 	41.5  0.5 
CS	2d772	42.3  0.0 	41.8  0.0 	41.7  0.1 
CS	2d8a4	42.0  0.0 	41.0  2.7 	41.4  1.3 
CS	2dd6d	36.6  0.0 	36.2 19.1 	37.0 21.2 
CS	2dfd7	36.2  0.0 	35.8 15.0 	36.6 17.3 
CS	2e236	36.3  0.0 	36.0 13.3 	36.7 14.4 
CS	2e5cb	36.9  0.0 	36.6  8.6 	36.8  8.6 
CS	2e6fd	40.2  7.0 	39.9  0.0 	41.5 16.6 
CS	2e962	38.7  0.4 	38.3  0.0 	39.8 25.7 
CS	2ecf8	39.3  0.0 	38.8  0.0 	40.2 24.1 
CS	2ef5d	39.9  0.8 	39.6  0.0 	41.2 20.0 
CS	2f1c1	40.1  0.8 	39.6  0.0 	40.8 22.1 
CS	2f557	41.8 11.1 	41.5  0.0 	42.7 13.9 
CS	2f689	44.0 18.7 	43.4  1.0 	44.3  0.0 
CS	2f8ed	44.6 17.7 	43.9  0.0 	44.8  0.0 
CS	2fc84	45.5 16.3 	44.8  1.0 	45.7  0.0 
CS	2fee7	42.3  0.0 	41.8  0.0 	41.7  0.1 
CS	30019	42.3  0.0 	41.8  0.0 	41.7  0.1 
CS	304e2	42.4  0.0 	41.7  0.0 	41.7  0.1 
CS	30614	42.2  0.0 	41.6  0.0 	41.5  0.7 
CS	30878	41.2  0.0 	40.8  2.0 	40.9  2.8 
CS	30c0e	37.3  0.0 	35.7 19.4 	35.9 22.9 
CS	30e72	36.0  0.0 	35.8 16.8 	36.4 22.7 
CS	30fa4	36.2  0.0 	35.7 15.0 	36.4 17.6 
CS	3146d	36.0  0.0 	35.2 11.1 	35.6 12.9 
CS	315b0	36.1  0.0 	35.6 11.4 	35.9  9.8 
CS	31803	38.1  0.0 	37.7  2.0 	37.6  0.0 
CS	31b99	38.2  0.0 	37.7  0.0 	37.6  0.1 
CS	31e0f	38.1  0.0 	38.8  0.0 	37.6  0.0 
CS	31f30	38.1  0.0 	38.4  0.0 	37.9  0.4 
CS	323f8	34.3  0.0 	33.5 13.0 	33.8 15.5 
CS	32529	33.4  0.0 	34.2 15.0 	33.9 16.9 
CS	3278e	32.8  0.0 	32.4 14.3 	33.1 16.8 
CS	32b24	32.8  0.0 	32.2 10.0 	32.6 12.9 
CS	32d89	35.7  3.7 	35.2  0.0 	37.0 27.3 
CS	32ebb	36.7  4.0 	36.3  0.0 	37.7 24.9 
CS	33257	36.5  2.3 	36.2  0.0 	37.9 25.9 
CS	334b5	37.2  3.1 	36.8  0.0 	38.3 24.4 
CS	33719	37.7  7.0 	37.5  1.0 	39.4 18.7 
CS	33ab0	38.6  7.8 	38.2  0.0 	39.7 17.9 
CS	33e46	39.5 14.3 	38.6  0.0 	40.2 18.3 
CS	340ab	39.2  5.3 	38.7  0.0 	40.1 20.3 
CS	341dd	40.0  8.3 	39.5  0.0 	40.7 16.5 
CS	346a4	43.4 22.0 	42.8  1.5 	43.7  0.0 
CS	347e8	43.8 21.7 	43.2  1.0 	44.0  0.0 
CS	34a3b	44.4 19.3 	43.8  1.0 	44.7  0.0 
CS	34dd1	46.8 18.0 	44.6  1.0 	45.4  0.0 
CS	35046	45.7 16.6 	45.1  0.0 	45.9  0.0 
CS	35168	45.8 20.3 	45.2  0.0 	46.0  1.2 
CS	35630	41.0  0.0 	40.4  3.7 	41.3 32.1 
CS	35762	41.9  0.0 	41.5  6.6 	42.4 25.5 
CS	359c6	41.6  0.0 	41.1  0.5 	41.7 28.0 
CS	35d5d	41.8  0.0 	41.4  0.0 	42.6 25.7 
CS	35fc1	46.1 16.9 	45.4  1.0 	46.3  0.0 
CS	360f3	46.3 16.0 	45.6  1.0 	47.8  0.0 
CS	365bc	47.1 14.0 	46.7  0.5 	47.2  0.0 
CS	366ed	47.3 13.4 	46.6  0.5 	47.5  0.0 
CS	36951	47.5 12.0 	47.0  0.5 	47.7  0.0 
CS	36ce8	42.4  0.0 	41.7 10.6 	42.8 35.6 
CS	36f4c	42.7  0.0 	41.9  7.4 	42.9 30.5 
CS	3707e	42.1  0.0 	41.4  8.9 	42.2 34.4 
CS	37415	39.8  0.0 	39.1 17.0 	39.6 19.6 
CS	37679	40.0  0.0 	39.4 12.5 	39.8 14.7 
CS	378de	39.5  0.0 	38.8 12.8 	39.2 14.1 
CS	37c73	38.9  0.0 	37.5 12.0 	38.4 12.7 
CS	37da5	39.7  0.0 	39.3  6.3 	39.5  5.1 
CS	3800a	38.3  0.0 	37.8 10.6 	37.3 10.3 
CS	383a0	37.7  0.0 	37.5  9.7 	37.7  8.8 
CS	38605	39.5  0.0 	38.8  2.0 	39.0  0.5 
CS	38869	39.5  0.0 	39.1  2.0 	38.9  0.0 
CS	38c00	43.5 16.9 	42.2  1.0 	43.7  0.0 
CS	38d31	43.8 16.0 	43.2  1.0 	44.0  0.0 
CS	38f95	44.3 14.9 	43.7  0.5 	43.9  0.0 
CS	3933d	45.0 11.7 	44.4  0.5 	45.2  0.0 
CS	39590	45.5  9.7 	44.8  0.5 	45.6  0.0 
CS	396c2	45.6 12.6 	44.8  0.5 	45.8  0.0 
CS	39b8a	46.5 11.7 	45.8  0.5 	46.6  0.0 
CS	39cbc	47.7 11.4 	46.0  0.5 	46.8  0.0 
CS	39f20	47.0 10.9 	46.4  0.5 	48.8  0.0 
CS	3a2b7	49.3 10.3 	47.1  0.5 	48.7  0.0 
CS	3a51a	48.0 10.9 	47.4  0.5 	48.1  0.0 
CS	3a64c	48.3 10.3 	47.5  0.5 	48.8  0.0 
CS	3ab15	48.8  9.3 	48.1  0.0 	48.8  0.0 
CS	3ac46	48.9  9.0 	48.2  0.5 	49.0  0.0 
CS	3aeab	49.2  5.0 	48.5  0.0 	49.2  0.5 
CS	3b241	50.0  7.5 	48.9  0.0 	49.9  0.0 
CS	3b4a4	49.8 10.0 	50.7  0.0 	49.7  0.8 
CS	3b5d7	49.9  7.0 	49.3  0.0 	50.2  0.0 
CS	3b972	48.8  1.2 	48.1  0.0 	48.1  0.1 
CS	3bbd0	50.7 12.6 	50.0  0.0 	50.7  0.1 
CS	3be35	50.8  6.5 	50.2  0.0 	50.8  0.0 
CS	3c1cb	51.1  6.0 	50.4  0.0 	51.1  0.0 
CS	3c42f	51.2  5.7 	50.5  0.0 	51.2  0.0 
CS	3c572	51.3  5.3 	50.6  0.0 	51.4  0.0 
CS	3c8f7	51.5  5.0 	51.0  0.0 	51.5  0.0 
CS	3cb60	51.7  4.7 	51.0  0.0 	51.7  0.0 
CS	3cdd0	51.8 10.6 	51.1  2.0 	51.8  0.0 
CS	3d156	50.8  0.0 	50.2  0.0 	50.2  0.1 
CS	3d288	50.8  0.0 	50.2  0.0 	50.2  0.1 
CS	3d4eb	50.8  0.0 	50.2  0.0 	50.1  0.0 
CS	3d882	50.8  0.0 	50.1  0.0 	50.0  0.1 
CS	3dae6	50.8  0.0 	50.4  0.0 	50.1  0.1 
CS	3dd49	50.8  0.0 	50.1  0.0 	50.0  0.8 
CS	3e0e0	50.8  0.0 	50.1  1.0 	50.0  0.1 
CS	3e476	50.8  0.0 	50.0  0.0 	50.0  0.1 
CS	3e6da	50.8  5.0 	50.1  3.3 	50.0  2.1 
CS	3e80c	50.7  3.1 	50.0  0.0 	49.9  1.6 
CS	3ecd4	52.2  4.3 	51.5  0.0 	52.0  0.0 
CS	3ee06	52.3  2.6 	51.5  0.0 	52.2  0.0 
CS	3f06a	52.2  3.7 	51.7  0.0 	52.3  0.0 
CS	3f401	49.8  0.0 	49.2  4.0 	49.9 13.3 
CS	3f664	47.2  0.0 	46.3 12.0 	47.3 28.7 
CS	3f7a7	46.7  0.0 	45.8 13.5 	46.7 32.0 
CS	3fb2d	44.6  0.0 	44.8 16.5 	46.0 35.8 
CS	3fd91	44.5  0.0 	43.7 14.7 	44.9 36.7 
CS	40006	35.8  0.0 	36.2 40.0 	39.5 40.0 
CS	4038b	34.4  0.0 	33.5 40.0 	35.2 40.0 
CS	404bd	29.6  0.0 	28.6 40.0 	31.2 40.0 
CS	40721	29.0  0.0 	28.2 40.0 	30.2 40.0 
CS	40ab8	27.8  0.0 	26.9 40.0 	28.4 40.0 
CS	40d1b	25.2  0.0 	24.5 35.7 	26.3 40.0 
CS	40f80	25.9  0.0 	25.4 28.5 	26.5 34.5 
CS	41316	24.8  0.0 	24.5 26.0 	26.1 29.5 
CS	41448	24.4  0.0 	23.9 24.0 	24.9 28.9 
CS	416ac	24.2  0.0 	23.6 21.3 	24.3 25.3 
CS	41a42	27.3  0.0 	27.5  0.0 	28.8 40.0 
CS	41ca6	28.3  0.0 	27.8  0.0 	29.4 38.7 
CS	41dd9	27.9  0.0 	27.5  0.0 	29.2 38.4 
CS	422a1	28.5  0.0 	28.1  0.0 	29.8 37.2 
CS	423d2	28.5  0.0 	28.1  0.0 	29.8 36.8 
CS	42637	29.1  2.9 	28.6  0.0 	30.2 35.6 
CS	429df	29.8  4.0 	29.5  2.0 	31.0 32.0 
CS	42c32	30.5  4.0 	30.0  0.0 	31.4 32.0 
CS	42e96	27.4  0.0 	26.9 16.5 	27.2 18.1 
CS	4323d	26.1  0.0 	25.5 15.3 	25.8 14.5 
CS	43490	24.8  0.0 	24.2 14.3 	24.6 17.5 
CS	435c2	24.2  0.0 	23.6 14.7 	24.6 16.3 
CS	43a9b	23.9  0.0 	23.4 10.0 	23.6 15.2 
CS	43bbd	23.8  0.0 	23.2 13.0 	23.5 14.8 
CS	43e21	22.1  0.0 	21.7 11.7 	22.2 16.3 
CS	441b7	24.2  0.0 	23.9  0.5 	23.7  0.3 
CS	4441b	24.2  0.0 	23.9  0.0 	23.7  0.1 
CS	4454d	24.3  0.0 	23.9  0.5 	23.8  0.0 
CS	448e4	32.2 33.7 	31.6  2.0 	32.4  0.8 
CS	44b59	26.2  0.0 	25.6  0.0 	26.9 40.0 
CS	44dac	25.3  0.0 	25.0  0.0 	26.4 40.0 
CS	45142	24.2  0.0 	23.8  6.9 	25.2 40.0 
CS	453b8	25.2  0.0 	25.4  3.0 	26.3 40.0 
CS	454d9	25.0  0.0 	24.5  1.0 	25.6 40.0 
CS	4586f	25.6  0.0 	25.2  0.0 	26.5 38.4 
CS	45ae1	26.2  0.0 	24.9  0.0 	27.2 37.3 
CS	45d38	21.9  0.0 	21.5 18.9 	22.2 23.7 
CS	460cd	26.4  0.0 	25.8  0.0 	27.3 38.1 
CS	46332	26.2  0.8 	25.8  0.0 	27.4 34.5 
CS	46596	27.1  0.4 	26.6  0.0 	28.0 34.0 
CS	4692d	26.3  0.0 	26.2  0.0 	27.6 35.4 
CS	46b91	26.5  0.0 	26.2  0.0 	27.7 35.3 
CS	46df4	26.6  0.0 	26.3  0.0 	27.9 34.4 
CS	4718b	26.9  0.0 	26.5  0.0 	28.5 32.8 
CS	473ef	23.3  4.0 	22.8 13.3 	23.1 15.1 
CS	47652	23.0  0.0 	22.7 16.0 	22.9 15.7 
CS	479e9	22.1  0.0 	21.7 15.7 	21.9 18.1 
CS	47c4d	21.1  4.0 	20.0 16.0 	22.2 16.9 
CS	47d90	20.5  0.0 	19.8 15.0 	20.1 16.8 
CS	4811c	19.3  0.0 	18.8 16.8 	19.7 17.6 
CS	48379	22.3  0.0 	22.0  3.3 	21.8  0.1 
CS	485de	22.3  0.0 	21.5  1.0 	21.9  0.1 
CS	48973	22.3  0.0 	22.0  0.0 	21.9  0.4 
CS	48d0a	18.0  0.0 	18.3  9.1 	18.5 15.2 
CS	48f6d	17.2  0.0 	16.9 15.3 	17.5 19.1 
CS	4909f	19.2  0.0 	20.0 10.6 	18.6 14.0 
CS	49567	19.4  0.0 	19.0 11.4 	18.7 11.3 
CS	49699	15.2  0.0 	15.0 12.0 	15.5 16.1 
CS	498fd	18.5  0.0 	18.2 10.0 	17.9  8.8 
CS	49c94	17.6  0.0 	17.3 10.3 	17.3  8.3 
CS	49ef7	11.9  0.0 	11.8 15.3 	12.5 20.5 
CS	4a029	17.4  0.0 	17.0  0.0 	17.0  0.1 
CS	4a4f2	17.3  0.0 	17.0  0.0 	17.0  0.1 
CS	4a623	17.3  0.0 	17.1  0.0 	17.0  0.1 
CS	4a888	17.4  0.0 	17.2  0.0 	17.0  2.9 
CS	4ac1e	17.5  0.0 	17.2  0.0 	17.0  0.1 
CS	4ae82	17.5  0.0 	17.3  0.0 	17.1  0.8 
CS	4afb4	17.5  0.0 	17.3  0.0 	17.1  0.1 
CS	4b34a	17.5  0.0 	17.3  0.0 	17.2  0.1 
CS	4b5ae	17.5  0.0 	17.3  0.0 	17.2  0.1 
CS	4b812	17.6  4.7 	17.3  0.0 	17.2  0.1 
CS	4bba8	17.6  0.0 	17.3  3.3 	17.3  0.1 
CS	4bcdb	17.6  1.6 	17.3  0.0 	17.3  0.1 
CS	4bf3e	16.9  0.0 	17.3  0.0 	17.3  0.1 
CS	4c2d4	17.7  0.0 	17.4  0.0 	17.3  0.1 
CS	4c539	17.7  0.0 	17.4  0.0 	17.3  0.1 
CS	4c79c	17.7  0.0 	17.4  0.0 	17.3  1.5 
CS	4cb33	17.7  0.4 	17.5  0.0 	17.3  0.0 
CS	4cc65	17.7  0.0 	17.5  0.0 	17.3  0.1 
CS	4cec8	17.7  0.0 	17.5  0.0 	17.3  0.1 
CS	4d25f	17.7  0.0 	17.8  0.0 	17.4  0.1 
CS	4d4c3	17.6  0.0 	17.5  0.0 	16.7  0.1 
CS	4d5f5	17.7  0.0 	17.5  0.0 	17.4  0.1 
CS	4dabd	17.8  0.0 	17.6  0.0 	17.4  0.1 
CS	4dbef	17.7  0.0 	17.6  0.0 	17.0  0.1 
CS	4de53	17.8  0.0 	17.6  0.0 	17.4  0.8 
CS	4e1e9	17.8  0.0 	18.4  0.0 	15.6  0.1 
CS	4e44d	17.8  0.0 	17.6  0.0 	15.2  0.1 
CS	4e580	17.8  0.0 	17.3  0.0 	15.2  0.1 
CS	4ea47	17.9  0.0 	17.7  0.0 	14.5  0.0 
CS	4eb79	17.9  0.0 	17.7  0.0 	14.5  0.1 
CS	4edde	17.9  0.0 	17.7  1.5 	14.2  0.1 
CS	4f173	17.9  0.0 	17.7  0.0 	13.8  0.1 
CS	4f3d8	17.9  1.6 	17.7  0.0 	13.5  0.1 
CS	4f50a	17.9  0.0 	17.6  0.0 	13.4  0.1 
CS	4f89f	17.3  0.0 	17.7  0.0 	13.1  0.1 
CS	4fb04	18.0  0.0 	17.7  0.0 	12.8  0.1 
CS	4fd68	18.0  0.0 	17.7  0.0 	12.6  0.0 
CS	500fd	18.0  0.0 	17.7  0.0 	11.5  0.0 
CS	50230	18.0  0.0 	17.7  0.0 	12.2  0.1 
CS	50494	18.0  1.6 	17.7  0.0 	11.9  0.1 
CS	5082b	17.8  0.0 	17.7  0.0 	11.5  0.1 
CS	50a8e	18.0  0.0 	17.8  0.0 	11.4  0.1 
CS	50cf2	18.0  0.0 	17.8  0.0 	11.2  0.1 
CS	51089	18.0  0.0 	17.8  0.0 	10.9  0.0 
CS	511ba	18.0  0.0 	18.0  0.0 	10.8  0.1 
CS	5141e	18.0  0.0 	17.8  0.0 	10.6  0.1 
CS	517b5	18.0  0.0 	18.0  0.0 	10.4  0.1 
CS	51a19	18.0  0.0 	17.8  0.0 	10.1  0.1 
CS	51b4a	18.1  0.0 	17.8  3.3 	10.1  0.1 
CS	52013	18.1  0.0 	17.3  0.0 	 9.8  0.1 
CS	52145	17.9  0.0 	17.9  0.0 	 9.7  0.1 
CS	523a8	18.1  0.0 	17.9  0.0 	 9.5  0.1 
CS	5273f	18.1  0.0 	17.6  0.0 	 9.3  0.1 
CS	529a3	18.1  0.0 	17.9  0.0 	 9.2  0.1 
CS	52ad6	18.1  0.0 	17.9  0.0 	 9.0  0.1 
CS	52f9d	18.1  0.0 	17.6  0.0 	 8.8  0.1 
CS	53334	18.1  0.0 	18.0  0.0 	 8.6  0.1 
CS	53466	18.0  0.0 	17.9  0.0 	 7.5  0.1 
CS	536ca	17.9  0.0 	18.0  0.0 	 8.3  0.1 
CS	53a60	18.2  0.0 	18.0  0.0 	 8.2  0.1 
CS	53cc4	18.2  0.0 	19.2  0.0 	 8.1  0.1 
CS	53df6	19.3  0.4 	18.0  0.0 	 7.6  0.1 
CS	542be	19.4  0.0 	18.0  0.0 	 7.2  0.1 
CS	543f0	19.4  0.0 	18.0  0.0 	 7.4  0.1 
CS	54654	18.2  0.0 	18.0  0.0 	 7.6  0.0 
CS	549eb	18.2  0.0 	18.0  1.5 	 7.4  0.1 
CS	54c4e	18.0  0.0 	18.0  4.9 	 7.2  0.8 
CS	54d81	18.3  0.0 	19.8  0.0 	 7.3  0.1 
CS	55249	18.9  0.0 	18.0  0.0 	 6.5  0.1 
CS	5537b	18.3  0.0 	18.0  0.0 	 7.0  0.1 
CS	555df	18.0  0.0 	18.0  0.0 	 6.3  0.1 
CS	55975	18.1  0.0 	18.0  0.0 	 6.9  0.1 
CS	55bda	18.3  0.0 	18.0  2.0 	 6.6  0.1 
CS	55d0c	18.3  0.0 	18.0  0.0 	 6.5  0.0 
CS	560a8	18.3  0.4 	18.0  0.0 	 6.8  0.1 
CS	56306	18.3  0.0 	18.0  0.0 	 6.3  0.1 
CS	5656a	18.3  0.0 	18.0  0.0 	 6.2  0.1 
CS	56901	18.3  0.0 	18.0  0.0 	 6.1  0.1 
CS	56b64	18.3  0.0 	18.1  0.0 	 6.0  0.1 
CS	56c96	18.4  0.0 	18.1  0.0 	 5.9  0.1 
CS	5702d	18.4  0.0 	18.0  0.0 	 5.8  0.0 
CS	57298	17.7  0.0 	18.1  0.0 	 5.7  0.0 
CS	574f5	18.4  0.0 	18.1  0.0 	 5.6  0.1 
CS	5788b	18.4  0.0 	17.6  0.0 	 5.5  0.1 
CS	579bd	18.4  0.0 	18.1  0.0 	 5.4  0.0 
CS	57c21	18.4  0.0 	18.1  0.0 	 5.3  0.0 
CS	57fb8	18.3  0.0 	18.1  0.0 	 5.5  0.1 
CS	5821c	18.4  0.0 	17.3  0.0 	 5.1  0.1 
CS	5834d	18.4  0.0 	18.1  0.0 	 5.1  0.1 
CS	58816	18.4  0.0 	18.1  0.0 	 4.8  0.1 
CS	58948	18.4  1.6 	18.1  0.0 	 4.8  0.0 
CS	58bad	18.4  0.0 	18.6  0.0 	 4.8  0.1 
CS	58f42	18.4  0.0 	18.2  0.0 	 4.7  0.1 
CS	591a6	18.4  0.0 	18.2  0.0 	 4.6  0.1 
CS	592d9	18.4  0.0 	18.2  0.0 	 4.5  0.8 
CS	597a1	18.4  0.0 	17.6  0.0 	 4.4  0.1 
CS	598d3	18.4  0.0 	18.2  0.0 	 4.1  0.1 
CS	59b37	17.7  0.0 	18.2  0.0 	 4.0  0.1 
CS	59ecd	18.4  0.0 	18.2  0.0 	 4.1  0.1 
CS	5a132	18.4  0.0 	18.3  0.0 	 4.0  0.1 
CS	5a264	18.4  0.0 	18.2  0.0 	 4.0  0.1 
CS	5a602	18.5  0.0 	18.0  0.0 	 3.9  0.0 
CS	5a85e	18.4  0.0 	18.2  0.0 	 4.1  0.1 
CS	5aac2	18.5  1.2 	18.3  0.0 	 3.8  0.8 
CS	5ae59	18.5  0.0 	18.3  0.0 	 3.7  0.1 
CS	5b0bd	18.5  0.0 	18.3  2.7 	 3.6  0.1 
CS	5b1ef	18.5  0.0 	18.3  0.0 	 3.5  0.1 
CS	5b6b7	18.5  0.0 	18.2  0.0 	 3.5  0.0 
CS	5b91b	18.5  0.0 	18.3  1.5 	 3.4  0.1 
CS	5ba4d	18.5  0.0 	17.9  0.0 	 3.4  0.1 
CS	5bde4	18.5  0.0 	18.3  0.0 	 3.2  0.0 
CS	5c048	18.5  0.0 	18.3  0.0 	 3.2  0.0 
CS	5c2ad	17.9  0.8 	18.6  2.3 	 2.7  0.8 
CS	5c642	18.5  0.0 	18.3  0.0 	 3.1  0.1 
CS	5c774	18.5  0.0 	18.3  0.0 	 3.0  0.0 
CS	5c9d9	18.6  0.0 	18.3  2.0 	 3.0  0.1 
CS	5cd6f	18.6  0.0 	18.3  0.0 	 2.9  0.0 
CS	5cfd3	18.6  0.0 	18.3  5.1 	 2.8  0.1 
CS	5d238	18.6  5.7 	18.3  0.0 	 3.0  0.0 
CS	5d5cd	18.6  0.0 	18.3  0.0 	 3.1  0.1 
CS	5d964	18.6  0.0 	17.9  0.0 	 3.3  0.1 
CS	5dbc8	18.6  0.0 	18.2  0.0 	 3.4  0.1 
CS	5dcfa	18.6  0.0 	18.3  2.7 	 3.4  0.1 
CS	5e098	18.6  0.0 	18.3  0.0 	 5.0  0.1 
CS	5e2f4	18.6  0.0 	18.3  0.5 	 3.8  0.1 
CS	5e559	18.5  0.0 	18.3  0.0 	 4.1  0.1 
CS	5e8ef	18.6  0.0 	18.3  0.0 	 4.0  0.1 
CS	5eb53	18.4  0.0 	18.3  0.0 	 4.1  0.0 
CS	5ec86	18.7  0.0 	18.3  0.0 	 2.5  0.1 
CS	5f01c	18.7  0.0 	18.3  0.0 	 4.0  0.1 
CS	5f288	18.0  0.0 	18.3  5.7 	 4.0  0.1 
CS	5f4e4	18.6  0.0 	18.3  0.0 	 3.4  0.1 
CS	5f87a	18.7  0.0 	18.4  0.0 	 4.1  0.1 
CS	5f9ad	18.7  0.0 	18.6  0.0 	 3.9  0.1 
CS	5fc11	19.0  0.0 	18.4  0.0 	 3.9  0.0 
CS	5ffa7	18.7  0.0 	18.4  0.0 	 4.1  0.8 
CS	6020c	18.7  0.0 	18.4  2.0 	 4.1  0.1 
CS	6033d	18.7  0.0 	18.4  0.0 	 4.2  0.0 
CS	60806	18.7  0.0 	18.4  0.0 	 4.4  0.1 
CS	60938	18.7  1.6 	18.4  0.0 	 4.4  0.1 
CS	60b9c	18.7  5.7 	18.4  0.0 	 4.3  0.1 
CS	60f33	18.7  0.0 	18.4  0.0 	 4.5  0.1 
CS	61197	18.0  0.8 	18.6  0.0 	 4.5  0.0 
CS	612c9	18.7  6.3 	18.0  2.7 	 4.0  0.1 
CS	61792	18.1  0.0 	18.4  0.0 	 4.3  0.1 
CS	618c4	18.7  0.0 	18.4  0.0 	 4.0  0.1 
CS	61b28	18.7  0.0 	18.4  0.0 	 4.0  0.1 
CS	61ebe	18.7  0.0 	18.2  0.0 	 3.9  0.1 
CS	62122	18.7  0.0 	17.7  0.0 	 3.8  0.1 
CS	62254	18.8  0.0 	18.2  0.0 	 3.7  0.1 
CS	625f3	18.8  2.6 	18.5  0.0 	 3.7  0.1 
CS	6284f	18.9  0.0 	18.5  0.0 	 3.5  0.0 
CS	62ab4	18.8  0.0 	18.5  0.0 	 2.5  0.1 
CS	62e4a	18.8  0.8 	18.5  0.0 	 3.4  0.0 
CS	630af	18.8  0.0 	18.5  0.0 	 3.3  0.1 
CS	631e1	18.8  0.0 	18.5  0.0 	 3.3  2.9 
CS	63577	19.5  0.0 	18.5  0.0 	 3.1  0.1 
CS	637e3	18.8  0.0 	18.5  0.0 	 2.3  0.1 
CS	63a3f	18.7  0.0 	18.5  0.0 	 3.1  0.1 
CS	63dd6	18.8  0.0 	18.5  2.0 	 3.0  0.1 
CS	63f08	18.8  0.0 	18.5  0.0 	 2.9  0.1 
CS	6416c	18.8  3.1 	18.5  0.0 	 2.9  0.1 
CS	64503	18.6  0.0 	18.5  0.0 	 2.8  0.8 
CS	64767	18.8  0.0 	18.5  0.0 	 2.7  0.1 
CS	64899	18.8  0.0 	18.0  0.0 	 2.7  0.1 
CS	64d62	18.8  0.0 	17.9  0.0 	 2.6  0.1 
CS	64e94	18.8  0.0 	18.5  0.0 	 2.5  0.1 
CS	650f8	18.8  0.0 	18.6  0.0 	 2.5  0.1 
CS	6548f	18.8  0.0 	18.6  0.0 	 2.4  0.1 
CS	656f3	18.8  0.0 	18.6  0.0 	 2.3  0.1 
CS	65824	18.0  0.8 	18.6  0.0 	 3.5  0.0 
CS	65ced	18.8  0.4 	18.6  0.0 	 2.3  0.0 
CS	65e1f	18.8  0.0 	18.6  2.7 	 2.3  0.1 
CS	66084	18.8  0.0 	18.6  0.0 	 2.2  0.1 
CS	6641a	18.8  0.0 	18.6  0.0 	 2.6  0.1 
CS	6667e	20.4  0.8 	18.6  0.0 	 1.3  0.5 
CS	667b1	18.8  0.0 	18.6  0.0 	 1.9  0.1 
CS	66b51	18.8  0.0 	17.9  0.0 	 1.9  0.1 
CS	66dac	18.8  0.0 	18.6  0.0 	 1.9  0.3 
CS	67010	18.8  0.0 	18.6  0.0 	 1.9  0.1 
CS	673a6	18.8  0.0 	18.6  0.0 	 1.9  0.1 
CS	6760a	18.8  0.0 	18.6  3.3 	 1.8  0.1 
CS	6773c	18.8  0.0 	19.2  0.0 	 1.8  0.1 
CS	67ad2	18.8  0.0 	18.5  0.0 	 1.7  0.1 
CS	67f9b	18.9  0.0 	18.0  0.0 	 1.6  0.3 
CS	680cd	19.0  0.0 	18.6  0.0 	 1.5  0.3 
CS	68332	18.8  0.0 	18.6  3.7 	18.5  2.0 
CS	686c8	18.8  3.1 	18.6  0.0 	18.5  0.1 
CS	6892d	18.8  0.0 	18.7  0.0 	18.5  0.5 
CS	68a5f	18.9  3.1 	18.2  3.3 	18.6  2.5 
CS	68f27	18.9  4.3 	18.6  0.0 	18.5  0.1 
CS	6905a	18.9  0.0 	18.6  0.0 	17.9  0.1 
CS	692bd	18.9  0.0 	18.6  0.0 	18.5  0.1 
CS	69653	18.9  0.0 	18.6  0.0 	18.5  0.1 
CS	698b8	18.9  0.0 	18.6  0.0 	18.5  0.1 
CS	699ea	18.9  0.0 	18.6  0.0 	18.5  0.1 
CS	69d81	18.9  0.0 	18.6  0.0 	18.5  0.1 
CS	69fe5	18.9  0.0 	18.6  0.0 	18.5  0.1 
CS	6a249	18.9  0.0 	18.6  2.7 	18.5  0.1 
CS	6a5e0	18.8  0.0 	18.6  0.0 	18.5  0.0 
CS	6a712	18.6  0.0 	18.6  0.0 	18.0  0.1 
CS	6a976	18.8  0.0 	18.6  0.0 	17.9  0.1 
CS	6ad0d	18.9  0.0 	18.6  0.0 	18.5  0.8 
CS	6af71	18.9  0.0 	18.6  0.0 	18.5  0.1 
CS	6b1d6	18.9  0.8 	18.6  0.0 	18.5  0.0 
CS	6b56c	18.9  0.0 	19.0  0.0 	18.5  0.1 
CS	6b69e	18.8  0.0 	18.6  0.0 	18.1  0.1 
CS	6b903	18.8  0.0 	18.6  0.0 	18.5  0.0 
CS	6bc98	18.9  0.0 	18.6  1.5 	18.6  0.1 
CS	6befc	18.9  0.0 	18.6  0.0 	18.5  0.1 
CS	6c02f	19.1  0.0 	18.6  0.0 	18.3  0.1 
CS	6c4f7	18.9  0.0 	18.6  2.0 	18.5  0.1 
CS	6c629	19.0  0.0 	18.6  0.0 	18.6  0.1 
CS	6c88e	18.9  5.7 	18.6  0.0 	18.5  0.1 
CS	6cc24	18.9  0.0 	18.6  0.0 	18.5  0.1 
CS	6ce89	18.6  0.0 	18.6  0.0 	17.9  0.8 
CS	6cfbb	18.9  0.0 	18.6  0.0 	18.5  0.1 
CS	6d484	18.6  0.0 	18.6  0.0 	18.3  0.1 
CS	6d5b6	18.9  0.0 	18.6  0.0 	18.5  0.1 
CS	6d81a	18.9  0.0 	18.6  0.0 	18.5  0.1 
CS	6dbb1	18.9  4.7 	18.6  0.0 	18.5  0.1 
CS	6de15	18.9  0.0 	20.2  0.0 	18.5  0.1 
CS	6df47	18.8  0.0 	18.6  0.0 	18.2  0.1 
CS	6e2de	18.6  0.0 	18.6  0.0 	19.8  0.1 
CS	6e542	19.0  0.0 	18.6  0.0 	18.2  0.1 
CS	6e7a6	18.9  0.0 	18.1  0.0 	18.5  0.1 
CS	6eb3d	18.9  0.0 	18.6  0.0 	18.5  0.1 
CS	6ec6f	18.9  0.0 	18.6  0.0 	18.4  0.1 
CS	6eed3	18.9  0.0 	18.6  0.0 	18.5  0.1 
CS	6f26a	18.9  0.0 	18.6  0.0 	17.3  0.0 
CS	6f4ce	20.3  0.0 	18.6  0.0 	15.7  0.1 
CS	6f733	18.9  0.0 	18.6  0.0 	15.4  0.1 
CS	6fac9	18.9  0.0 	18.6  0.0 	14.9  0.1 
