	Millis	  V_m  A_m   W_m   Wh_mTmp_m Pres_m Vcap_m State_m	  V_s  A_s   W_s   Wh_sTmp_s Pres_s Vcap_s State_s
FC	0	54.5  0.0 -0.0 -0.0 -0.0 -0.0 -0.0 -0.0 	53.9  0.0 -0.0 -0.0 -0.0 -0.0 -0.0 -0.0 
FC	0	54.7  0.0 -0.0 -0.0 -0.0 -0.0 -0.0 -0.0 	53.9  0.0 -0.0 -0.0 -0.0 -0.0 -0.0 -0.0 
FC	0	54.8  0.0 -0.0 -0.0 -0.0 -0.0 -0.0 -0.0 	53.9  0.0 -0.0 -0.0 -0.0 -0.0 -0.0 -0.0 
FC	0	54.7  0.4 -0.0 -0.0 -0.0 -0.0 -0.0 -0.0 	53.9  0.0 -0.0 -0.0 -0.0 -0.0 -0.0 -0.0 
FC	0	54.7  1.2 -0.0 -0.0 -0.0 -0.0 -0.0 -0.0 	53.9  0.0 -0.0 -0.0 -0.0 -0.0 -0.0 -0.0 
FC	0	54.7  0.0 -0.0 -0.0 -0.0 -0.0 -0.0 -0.0 	53.9  0.0 -0.0 -0.0 -0.0 -0.0 -0.0 -0.0 
FC	0	54.6  0.0 -0.0 -0.0 -0.0 -0.0 -0.0 -0.0 	53.9  0.0 -0.0 -0.0 -0.0 -0.0 -0.0 -0.0 
FC	0	54.5  0.0 -0.0 -0.0 -0.0 -0.0 -0.0 -0.0 	53.9  0.0 -0.0 -0.0 -0.0 -0.0 -0.0 -0.0 
FC	0	54.6  0.0 -0.0 -0.0 -0.0 -0.0 -0.0 -0.0 	53.6  0.0 -0.0 -0.0 -0.0 -0.0 -0.0 -0.0 
FC	0	54.6  0.0 -0.0 -0.0 -0.0 -0.0 -0.0 -0.0 	53.9  0.0 -0.0 -0.0 -0.0 -0.0 -0.0 -0.0 
FC	0	54.6  0.0 -0.0 -0.0 -0.0 -0.0 -0.0 -0.0 	53.6  0.0 -0.0 -0.0 -0.0 -0.0 -0.0 -0.0 
FC	0	54.6  0.0 -0.0 -0.0 -0.0 -0.0 -0.0 -0.0 	53.9  0.0 -0.0 -0.0 -0.0 -0.0 -0.0 -0.0 
FC	0	54.6  0.0 -0.0 -0.0 -0.0 -0.0 -0.0 -0.0 	53.8  0.0 -0.0 -0.0 -0.0 -0.0 -0.0 -0.0 
FC	0	54.6  0.0 -0.0 -0.0 -0.0 -0.0 -0.0 -0.0 	53.9  0.0 -0.0 -0.0 -0.0 -0.0 -0.0 -0.0 
FC	0	54.7  0.0 -0.0 -0.0 -0.0 -0.0 -0.0 -0.0 	53.9  1.5 -0.0 -0.0 -0.0 -0.0 -0.0 -0.0 
FC	0	54.6  0.0 -0.0 -0.0 -0.0 -0.0 -0.0 -0.0 	53.8  0.0 -0.0 -0.0 -0.0 -0.0 -0.0 -0.0 
FC	0	54.8  0.0 -0.0 -0.0 -0.0 -0.0 -0.0 -0.0 	53.9  0.0 -0.0 -0.0 -0.0 -0.0 -0.0 -0.0 
FC	0	54.6  0.0 -0.0 -0.0 -0.0 -0.0 -0.0 -0.0 	53.9  0.0 -0.0 -0.0 -0.0 -0.0 -0.0 -0.0 
FC	0	54.6  0.0 -0.0 -0.0 -0.0 -0.0 -0.0 -0.0 	53.9  0.0 -0.0 -0.0 -0.0 -0.0 -0.0 -0.0 
FC	0	54.6  0.0 -0.0 -0.0 -0.0 -0.0 -0.0 -0.0 	53.8  0.0 -0.0 -0.0 -0.0 -0.0 -0.0 -0.0 
FC	0	54.6  0.0 -0.0 -0.0 -0.0 -0.0 -0.0 -0.0 	53.9  0.0 -0.0 -0.0 -0.0 -0.0 -0.0 -0.0 
FC	0	 0.0  1.2 -0.0 -0.0 -0.0 -0.0 -0.0 -0.0 	53.9  0.0 -0.0 -0.0 -0.0 -0.0 -0.0 -0.0 
FC	0	54.5  0.0 -0.0 -0.0 -0.0 -0.0 -0.0 -0.0 	53.9  0.0 -0.0 -0.0 -0.0 -0.0 -0.0 -0.0 
FC	0	54.6  0.0 -0.0 -0.0 -0.0 -0.0 -0.0 -0.0 	53.9  0.0 -0.0 -0.0 -0.0 -0.0 -0.0 -0.0 
FC	0	54.6  0.0 -0.0 -0.0 -0.0 -0.0 -0.0 -0.0 	53.9  3.3 -0.0 -0.0 -0.0 -0.0 -0.0 -0.0 
FC	0	54.6  0.0 -0.0 -0.0 -0.0 -0.0 -0.0 -0.0 	53.9  0.0 -0.0 -0.0 -0.0 -0.0 -0.0 -0.0 
FC	0	54.6  0.0 -0.0 -0.0 -0.0 -0.0 -0.0 -0.0 	53.9  0.0 -0.0 -0.0 -0.0 -0.0 -0.0 -0.0 
FC	0	54.6  0.0 -0.0 -0.0 -0.0 -0.0 -0.0 -0.0 	53.9  0.0 -0.0 -0.0 -0.0 -0.0 -0.0 -0.0 
FC	d5ac	 0.0  0.0  0.0  0.0  0.0  0.0  0.0  0.0 	53.8  0.0 -0.0 -0.0 -0.0 -0.0 -0.0 -0.0 
FC	df6e	61.3  0.0  0.0  0.0 31.8  0.7 53.3  0.0 	54.0  0.5 -0.0 -0.0 -0.0 -0.0 -0.0 -0.0 
FC	e680	60.5  0.0  0.0  0.0 31.8  0.7 53.3  0.0 	53.5  0.0 -0.0 -0.0 -0.0 -0.0 -0.0 -0.0 
FC	eec5	60.2  0.0  0.0  0.0 31.8  0.7 51.6  0.0 	53.3  1.5 -0.0 -0.0 -0.0 -0.0 -0.0 -0.0 
FC	f2f4	60.0  0.0  0.0  0.0 31.8  0.5 53.3  0.0 	53.3  1.5 -0.0 -0.0 -0.0 -0.0 -0.0 -0.0 
FC	fe1d	60.2  0.0  0.0  0.0 31.8  0.7 52.9  0.0 	53.2  0.0 -0.0 -0.0 -0.0 -0.0 -0.0 -0.0 
FC	1024b	54.9  0.0  0.0  0.0 31.8  0.7 53.1  0.0 	53.4  0.0 -0.0 -0.0 -0.0 -0.0 -0.0 -0.0 
FC	10d90	55.6  0.0  0.0  0.0 31.8  0.6 53.0  0.0 	53.2  0.0 -0.0 -0.0 -0.0 -0.0 -0.0 -0.0 
FC	115d1	56.7  1.4 83.0  0.0 31.8  0.7 53.0  1.0 	53.3  0.0 -0.0 -0.0 -0.0 -0.0 -0.0 -0.0 
FC	11a00	54.0  0.8 45.0  0.0 31.8  0.7 53.0  1.0 	53.2  0.0 -0.0 -0.0 -0.0 -0.0 -0.0 -0.0 
FC	12527	59.7  0.7 41.0  0.0 31.8  0.7 53.0  1.0 	53.2  5.7 -0.0 -0.0 -0.0 -0.0 -0.0 -0.0 
FC	12959	59.9  0.6 40.0  0.0 31.8  0.7 53.0  1.0 	53.6  0.0 -0.0 -0.0 -0.0 -0.0 -0.0 -0.0 
FC	1349f	54.3  2.5 136.0  0.0 31.8  0.6 53.1  1.0 	53.6  0.0 -0.0 -0.0 -0.0 -0.0 -0.0 -0.0 
FC	138b0	54.3  2.3 125.0  0.0 31.8  0.6 53.1  1.0 	53.9  0.0 -0.0 -0.0 -0.0 -0.0 -0.0 -0.0 
FC	1410c	54.5  2.1 117.0  0.0 31.8  0.6 53.1  1.0 	54.1  0.5 -0.0 -0.0 -0.0 -0.0 -0.0 -0.0 
FC	14827	51.9  1.9 103.0  0.0 31.8  0.6 53.4  1.0 	53.9  0.0 -0.0 -0.0 -0.0 -0.0 -0.0 -0.0 
FC	14c35	54.7  2.1 116.0  0.0 31.8  0.6 53.4  1.0 	54.2  0.5 -0.0 -0.0 -0.0 -0.0 -0.0 -0.0 
FC	15492	54.8  1.8 103.0  0.0 31.8  0.7 53.4  1.0 	54.6  0.0 -0.0 -0.0 -0.0 -0.0 -0.0 -0.0 
FC	15bb0	54.9  1.7 97.0  0.0 31.8  0.7 53.8  1.0 	54.5  0.0 -0.0 -0.0 -0.0 -0.0 -0.0 -0.0 
FC	163e8	55.1  1.9 104.0  0.0 31.8  0.7 53.8  1.0 	54.6  0.0 -0.0 -0.0 -0.0 -0.0 -0.0 -0.0 
FC	16c49	55.2  1.6 92.0  0.0 31.8  0.7 53.8  1.0 	54.7  0.0 -0.0 -0.0 -0.0 -0.0 -0.0 -0.0 
FC	17341	55.3  1.5 87.0  0.0 31.8  0.7 54.4  1.0 	54.5  0.0 -0.0 -0.0 -0.0 -0.0 -0.0 -0.0 
FC	17b9e	58.9  0.6 37.0  0.0 31.8  0.7 54.4  1.0 	54.5  0.0 -0.0 -0.0 -0.0 -0.0 -0.0 -0.0 
FC	182c0	59.6  0.6 38.0  0.0 31.8  0.7 54.4  1.0 	54.6  0.0 -0.0 -0.0 -0.0 -0.0 -0.0 -0.0 
FC	18af4	60.0  0.6 37.0  0.0 31.8  0.7 54.4  1.0 	54.8  0.0 -0.0 -0.0 -0.0 -0.0 -0.0 -0.0 
FC	19356	55.3  1.7 95.0  0.0 31.8  0.7 54.4  1.0 	54.8  0.0 -0.0 -0.0 -0.0 -0.0 -0.0 -0.0 
FC	19a4b	55.4  1.5 83.0  0.0 32.0  0.7 54.4  1.0 	54.9  0.0 -0.0 -0.0 -0.0 -0.0 -0.0 -0.0 
FC	1a2a9	55.5  1.4 78.0  0.0 32.1  0.7 54.8  1.0 	55.0  0.0 -0.0 -0.0 -0.0 -0.0 -0.0 -0.0 
FC	1a9cf	55.6  1.5 84.0  0.0 32.3  0.7 54.8  1.0 	54.9  0.0 -0.0 -0.0 -0.0 -0.0 -0.0 -0.0 
FC	1b202	55.6  1.3 76.0  0.0 32.4  0.7 54.8  1.0 	55.2  0.0 -0.0 -0.0 -0.0 -0.0 -0.0 -0.0 
FC	1ba62	55.7  1.3 73.0  0.0 32.6  0.7 55.0  1.0 	55.1  0.0 -0.0 -0.0 -0.0 -0.0 -0.0 -0.0 
FC	1c15b	59.0  0.6 36.0  0.0 32.7  0.7 55.0  1.0 	55.0  0.0 -0.0 -0.0 -0.0 -0.0 -0.0 -0.0 
FC	1c9b7	59.7  0.6 37.0  1.0 32.9  0.7 55.0  1.0 	55.0  2.0 -0.0 -0.0 -0.0 -0.0 -0.0 -0.0 
FC	1d216	60.1  0.6 39.0  1.0 33.0  0.7 55.0  1.0 	55.2  0.0 -0.0 -0.0 -0.0 -0.0 -0.0 -0.0 
FC	1d90e	55.8  1.4 80.0  1.0 33.1  0.7 55.0  1.0 	55.2  0.0 -0.0 -0.0 -0.0 -0.0 -0.0 -0.0 
FC	1e16f	55.8  1.3 74.0  1.0 33.3  0.7 55.0  1.0 	55.3  3.3 -0.0 -0.0 -0.0 -0.0 -0.0 -0.0 
FC	1e866	55.9  1.2 68.0  1.0 33.4  0.7 55.0  1.0 	55.4  0.0 -0.0 -0.0 -0.0 -0.0 -0.0 -0.0 
FC	1ec94	53.3  1.2 64.0  1.0 33.4  0.7 55.0  1.0 	55.4  0.0 -0.0 -0.0 -0.0 -0.0 -0.0 -0.0 
FC	1f4f5	56.0  1.2 69.0  1.0 33.5  0.7 55.0  1.0 	54.9  0.0 -0.0 -0.0 -0.0 -0.0 -0.0 -0.0 
FC	1fbec	56.0  1.1 62.0  1.0 33.6  0.7 55.0  1.0 	55.6  0.0 -0.0 -0.0 -0.0 -0.0 -0.0 -0.0 
FC	2044b	53.1  1.1 60.0  1.0 33.8  0.7 55.4  1.0 	55.6  0.0 -0.0 -0.0 -0.0 -0.0 -0.0 -0.0 
FC	20ca8	56.2  1.1 65.0  1.0 33.8  0.6 55.4  1.0 	54.3  8.0 -0.0 -0.0 -0.0 -0.0 -0.0 -0.0 
FC	213a1	52.8  3.0 161.0  1.0 34.0  0.6 55.4  1.0 	52.3  6.6 -0.0 -0.0 -0.0 -0.0 -0.0 -0.0 
FC	21c03	54.5  0.6 33.0  1.0 34.1  0.7 52.2  1.0 	51.3  5.7 -0.0 -0.0 -0.0 -0.0 -0.0 -0.0 
FC	222fa	59.5  0.6 38.0  1.0 34.2  0.7 52.2  1.0 	51.0  5.7 -0.0 -0.0 -0.0 -0.0 -0.0 -0.0 
FC	22b59	60.0  0.5 35.0  1.0 34.3  0.7 52.2  1.0 	45.6 21.3 -0.0 -0.0 -0.0 -0.0 -0.0 -0.0 
FC	233b7	45.6 12.5 570.0  1.0 34.4  0.6 44.2  1.0 	46.4  4.9 -0.0 -0.0 -0.0 -0.0 -0.0 -0.0 
FC	23ab1	46.7 13.9 653.0  2.0 34.6  0.6 44.2  1.0 	47.8  0.0 -0.0 -0.0 -0.0 -0.0 -0.0 -0.0 
FC	24311	50.3  7.9 399.0  2.0 34.9  0.6 44.2  1.0 	50.0  0.0 -0.0 -0.0 -0.0 -0.0 -0.0 -0.0 
FC	24a08	48.5  7.2 353.0  2.0 35.4  0.6 48.7  1.0 	43.4 21.0 -0.0 -0.0 -0.0 -0.0 -0.0 -0.0 
FC	25266	50.5  7.9 402.0  2.0 35.9  0.6 48.7  1.0 	49.3  0.0 -0.0 -0.0 -0.0 -0.0 -0.0 -0.0 
FC	25698	50.4  7.7 392.0  2.0 36.2  0.5 48.7  1.0 	43.6 12.3 -0.0 -0.0 -0.0 -0.0 -0.0 -0.0 
FC	261be	52.9  1.5 83.0  3.0 37.3  0.7 40.8  1.0 	40.3 15.7 -0.0 -0.0 -0.0 -0.0 -0.0 -0.0 
FC	265ee	58.8  0.5 33.0  3.0 37.7  0.7 40.8  1.0 	43.1  0.0 -0.0 -0.0 -0.0 -0.0 -0.0 -0.0 
FC	27117	59.9  0.6 37.0  3.0 38.7  0.7 40.8  1.0 	43.2  0.0 -0.0 -0.0 -0.0 -0.0 -0.0 -0.0 
FC	27546	60.1  0.6 40.0  3.0 38.9  0.6 43.0  1.0 	46.9  0.0 -0.0 -0.0 -0.0 -0.0 -0.0 -0.0 
FC	27da7	48.0 12.6 606.0  3.0 39.5  0.5 43.0  1.0 	40.8  4.6 -0.0 -0.0 -0.0 -0.0 -0.0 -0.0 
FC	2849e	42.4 21.3 906.0  4.0 40.1  0.6 43.0  1.0 	47.5  0.5 -0.0 -0.0 -0.0 -0.0 -0.0 -0.0 
FC	28cfd	48.5 11.5 559.0  4.0 40.8  0.6 45.0  1.0 	48.5  0.5 -0.0 -0.0 -0.0 -0.0 -0.0 -0.0 
FC	29130	47.0  9.6 453.0  4.0 41.1  0.6 45.0  1.0 	48.8  0.0 -0.0 -0.0 -0.0 -0.0 -0.0 -0.0 
FC	29827	49.8  9.1 455.0  4.0 41.8  0.6 45.0  1.0 	46.7  3.7 -0.0 -0.0 -0.0 -0.0 -0.0 -0.0 
FC	2a086	44.3 18.0 801.0  5.0 42.6  0.5 45.0  1.0 	38.1 21.7 -0.0 -0.0 -0.0 -0.0 -0.0 -0.0 
FC	2a8e5	54.0  0.6 36.0  5.0 43.5  0.7 39.4  1.0 	37.6 16.3 -0.0 -0.0 -0.0 -0.0 -0.0 -0.0 
FC	2afde	59.6  0.7 41.0  5.0 44.4  0.7 39.4  1.0 	40.7  0.0 -0.0 -0.0 -0.0 -0.0 -0.0 -0.0 
FC	2b840	60.2  0.6 40.0  5.0 44.9  0.7 39.4  1.0 	44.6  1.0 -0.0 -0.0 -0.0 -0.0 -0.0 -0.0 
FC	2bf37	45.2 13.1 595.0  5.0 44.9  0.6 40.3  1.0 	45.5  0.0 -0.0 -0.0 -0.0 -0.0 -0.0 -0.0 
FC	2c796	46.4 13.7 637.0  6.0 44.9  0.6 40.3  1.0 	39.8  3.0 -0.0 -0.0 -0.0 -0.0 -0.0 -0.0 
FC	2cff4	40.6 21.6 879.0  6.0 44.9  0.6 40.3  1.0 	41.8  2.0 -0.0 -0.0 -0.0 -0.0 -0.0 -0.0 
FC	2d6ee	52.5  2.4 130.0  6.0 44.9  0.7 41.4  1.0 	41.8  0.0 -0.0 -0.0 -0.0 -0.0 -0.0 -0.0 
FC	2df50	59.5  0.6 39.0  6.0 44.9  0.7 41.4  1.0 	35.8 15.0 -0.0 -0.0 -0.0 -0.0 -0.0 -0.0 
FC	2e647	60.0  0.6 37.0  6.0 44.9  0.7 41.4  1.0 	39.9  0.0 -0.0 -0.0 -0.0 -0.0 -0.0 -0.0 
FC	2eea5	39.8 21.5 858.0  7.0 44.9  0.6 35.7  1.0 	39.6  0.0 -0.0 -0.0 -0.0 -0.0 -0.0 -0.0 
FC	2f704	40.6 23.7 963.0  7.0 44.9  0.5 35.7  1.0 	43.4  1.0 -0.0 -0.0 -0.0 -0.0 -0.0 -0.0 
FC	2fdfd	44.9 17.9 806.0  8.0 44.9  0.6 35.7  1.0 	41.8  0.0 -0.0 -0.0 -0.0 -0.0 -0.0 -0.0 
FC	3065f	53.1  1.9 105.0  8.0 44.9  0.7 41.5  1.0 	41.6  0.0 -0.0 -0.0 -0.0 -0.0 -0.0 -0.0 
FC	30d56	59.4  0.7 42.0  8.0 44.9  0.7 41.5  1.0 	35.8 16.8 -0.0 -0.0 -0.0 -0.0 -0.0 -0.0 
FC	315b5	59.9  0.7 43.0  8.0 44.9  0.7 41.5  1.0 	35.6 11.4 -0.0 -0.0 -0.0 -0.0 -0.0 -0.0 
FC	31e13	54.6  0.7 39.0  8.0 44.9  0.7 34.9  1.0 	38.8  0.0 -0.0 -0.0 -0.0 -0.0 -0.0 -0.0 
FC	3250c	59.6  0.7 43.0  8.0 44.9  0.7 34.9  1.0 	34.2 15.0 -0.0 -0.0 -0.0 -0.0 -0.0 -0.0 
FC	32d6b	60.0  0.6 40.0  8.0 44.9  0.7 34.9  1.0 	35.2  0.0 -0.0 -0.0 -0.0 -0.0 -0.0 -0.0 
FC	33464	38.5 25.0 965.0  8.0 44.9  0.5 32.5  1.0 	36.8  0.0 -0.0 -0.0 -0.0 -0.0 -0.0 -0.0 
FC	33893	37.7 28.8 1088.0  9.0 44.9  0.5 32.5  1.0 	37.5  1.0 -0.0 -0.0 -0.0 -0.0 -0.0 -0.0 
FC	340f2	38.9 27.1 1056.0  9.0 44.9  0.6 32.5  1.0 	38.7  0.0 -0.0 -0.0 -0.0 -0.0 -0.0 -0.0 
FC	347ee	40.4 25.7 1040.0 10.0 44.9  0.6 37.6  1.0 	43.2  1.0 -0.0 -0.0 -0.0 -0.0 -0.0 -0.0 
FC	3504d	44.8 19.7 886.0 10.0 44.9  0.6 37.6  1.0 	45.1  0.0 -0.0 -0.0 -0.0 -0.0 -0.0 -0.0 
FC	358af	44.7 18.8 842.0 11.0 44.9  0.6 37.6  1.0 	41.5  6.6 -0.0 -0.0 -0.0 -0.0 -0.0 -0.0 
FC	35fa4	41.4 24.4 1013.0 11.0 45.6  0.6 39.0  1.0 	45.4  1.0 -0.0 -0.0 -0.0 -0.0 -0.0 -0.0 
FC	36804	46.8 16.1 755.0 12.0 47.1  0.6 39.0  1.0 	46.6  0.5 -0.0 -0.0 -0.0 -0.0 -0.0 -0.0 
FC	36efd	47.7 13.0 622.0 12.0 48.7  0.5 39.0  1.0 	41.9  7.4 -0.0 -0.0 -0.0 -0.0 -0.0 -0.0 
FC	3775c	42.1 21.2 897.0 13.0 50.0  0.7 39.7  1.0 	39.4 12.5 -0.0 -0.0 -0.0 -0.0 -0.0 -0.0 
FC	37fbe	59.0  0.6 37.0 13.0 50.2  0.7 39.7  1.0 	39.3  6.3 -0.0 -0.0 -0.0 -0.0 -0.0 -0.0 
FC	386b5	59.9  0.5 34.0 13.0 50.2  0.7 39.7  1.0 	38.8  2.0 -0.0 -0.0 -0.0 -0.0 -0.0 -0.0 
FC	38f13	60.2  0.6 39.0 13.0 50.2  0.6 38.8  1.0 	43.2  1.0 -0.0 -0.0 -0.0 -0.0 -0.0 -0.0 
FC	3960d	44.7 16.0 717.0 13.0 50.2  0.6 38.8  1.0 	44.8  0.5 -0.0 -0.0 -0.0 -0.0 -0.0 -0.0 
FC	39e6d	46.1 13.5 626.0 13.0 50.2  0.6 38.8  1.0 	46.0  0.5 -0.0 -0.0 -0.0 -0.0 -0.0 -0.0 
FC	3a6cc	47.4 11.6 551.0 14.0 50.2  0.6 44.3  1.0 	47.4  0.5 -0.0 -0.0 -0.0 -0.0 -0.0 -0.0 
FC	3adc2	48.5 10.6 518.0 14.0 50.2  0.6 44.3  1.0 	48.2  0.5 -0.0 -0.0 -0.0 -0.0 -0.0 -0.0 
FC	3b620	49.4  8.8 436.0 14.0 50.2  0.6 44.3  1.0 	50.7  0.0 -0.0 -0.0 -0.0 -0.0 -0.0 -0.0 
FC	3bd1a	50.2  7.6 381.0 15.0 50.2  0.6 47.8  1.0 	50.0  0.0 -0.0 -0.0 -0.0 -0.0 -0.0 -0.0 
FC	3c579	50.9  7.0 359.0 15.0 50.2  0.6 47.8  1.0 	50.5  0.0 -0.0 -0.0 -0.0 -0.0 -0.0 -0.0 
FC	3cdda	51.4  5.9 304.0 15.0 50.2  0.6 47.8  1.0 	51.0  0.0 -0.0 -0.0 -0.0 -0.0 -0.0 -0.0 
FC	3d4cf	51.9  5.2 270.0 15.0 50.2  0.7 49.8  1.0 	50.2  0.0 -0.0 -0.0 -0.0 -0.0 -0.0 -0.0 
FC	3dd2e	58.9  0.7 45.0 15.0 50.2  0.7 49.8  1.0 	50.4  0.0 -0.0 -0.0 -0.0 -0.0 -0.0 -0.0 
FC	3dd2e	 0.0  0.0 45.0 15.0 50.2  0.7 49.8  1.0 	50.1  0.0 -0.0 -0.0 -0.0 -0.0 -0.0 -0.0 
FC	3e856	59.9  0.7 44.0 15.0 50.2  0.7 49.8  1.0 	50.1  3.3 -0.0 -0.0 -0.0 -0.0 -0.0 -0.0 
FC	3f0b4	50.6  4.7 240.0 15.0 50.2  0.6 49.7  1.0 	51.5  0.0 -0.0 -0.0 -0.0 -0.0 -0.0 -0.0 
FC	3f7ae	52.4  4.7 248.0 15.0 50.2  0.6 49.7  1.0 	46.3 12.0 -0.0 -0.0 -0.0 -0.0 -0.0 -0.0 
FC	4000d	45.0 15.6 705.0 16.0 50.2  0.5 49.7  1.0 	43.7 14.7 -0.0 -0.0 -0.0 -0.0 -0.0 -0.0 
FC	4043b	43.7 17.7 777.0 16.0 50.2  0.7 39.0  1.0 	28.6 40.0 -0.0 -0.0 -0.0 -0.0 -0.0 -0.0 
FC	40f64	59.4  0.6 41.0 16.0 50.2  0.7 39.0  1.0 	24.5 35.7 -0.0 -0.0 -0.0 -0.0 -0.0 -0.0 
FC	41394	59.7  0.7 42.0 16.0 50.2  0.7 39.0  1.0 	23.9 24.0 -0.0 -0.0 -0.0 -0.0 -0.0 -0.0 
FC	41ebc	 0.0  0.0  0.0  0.0 50.2  0.0  0.0  0.0 	27.8  0.0 -0.0 -0.0 -0.0 -0.0 -0.0 -0.0 
FC	422ee	28.8 37.3 1077.0 17.0 50.2  0.5 23.5  1.0 	28.1  0.0 -0.0 -0.0 -0.0 -0.0 -0.0 -0.0 
FC	42b4b	29.7 37.7 1123.0 17.0 50.2  0.5 23.5  1.0 	30.0  0.0 -0.0 -0.0 -0.0 -0.0 -0.0 -0.0 
FC	43672	51.4  3.2 166.0 18.0 50.2  0.7 26.6  1.0 	24.2 14.3 -0.0 -0.0 -0.0 -0.0 -0.0 -0.0 
FC	43aa2	58.7  0.7 41.0 18.0 50.2  0.7 26.6  1.0 	23.2 13.0 -0.0 -0.0 -0.0 -0.0 -0.0 -0.0 
FC	445ca	60.1  0.7 42.0 18.0 50.2  0.7 26.6  1.0 	23.9  0.0 -0.0 -0.0 -0.0 -0.0 -0.0 -0.0 
FC	44b60	60.3  0.7 43.0 18.0 50.2  0.5 23.7  1.0 	25.6  0.0 -0.0 -0.0 -0.0 -0.0 -0.0 -0.0 
FC	453be	28.0 37.1 1044.0 19.0 51.1  0.4 23.7  1.0 	25.4  3.0 -0.0 -0.0 -0.0 -0.0 -0.0 -0.0 
FC	457ed	25.8 38.8 1004.0 19.0 51.6  0.5 23.7  1.0 	24.9  0.0 -0.0 -0.0 -0.0 -0.0 -0.0 -0.0 
FC	46316	26.9 37.7 1015.0 20.0 53.0  0.5 23.1  1.0 	25.8  0.0 -0.0 -0.0 -0.0 -0.0 -0.0 -0.0 
FC	46b74	26.9 38.0 1023.0 20.0 53.7  0.5 23.1  1.0 	26.2  0.0 -0.0 -0.0 -0.0 -0.0 -0.0 -0.0 
FC	47539	 0.0  0.0  0.0  0.0 54.3  0.0  0.0  0.0 	22.8 13.3 -0.0 -0.0 -0.0 -0.0 -0.0 -0.0 
FC	47d97	58.6  0.0  0.0 21.0 54.5  0.6 20.6  0.0 	20.0 16.0 -0.0 -0.0 -0.0 -0.0 -0.0 -0.0 
FC	48492	59.7  0.0  0.0 21.0 54.5  0.7 21.2  0.0 	22.0  3.3 -0.0 -0.0 -0.0 -0.0 -0.0 -0.0 
FC	48492	 0.0  0.0  0.0 21.0 54.5  0.7 21.2  0.0 	21.5  1.0 -0.0 -0.0 -0.0 -0.0 -0.0 -0.0 
FC	48492	17.2  0.0  0.0 21.0 54.5  0.7 21.2  0.0 	16.9 15.3 -0.0 -0.0 -0.0 -0.0 -0.0 -0.0 
FC	48492	15.2  0.0  0.0 21.0 54.5  0.7 21.2  0.0 	15.0 12.0 -0.0 -0.0 -0.0 -0.0 -0.0 -0.0 
FC	48492	11.9  0.0  0.0 21.0 54.5  0.7 21.2  0.0 	11.8 15.3 -0.0 -0.0 -0.0 -0.0 -0.0 -0.0 
FC	48492	17.3  0.0  0.0 21.0 54.5  0.7 21.2  0.0 	17.1  0.0 -0.0 -0.0 -0.0 -0.0 -0.0 -0.0 
FC	48492	17.5  0.0  0.0 21.0 54.5  0.7 21.2  0.0 	17.3  0.0 -0.0 -0.0 -0.0 -0.0 -0.0 -0.0 
FC	48492	17.5  0.0  0.0 21.0 54.5  0.7 21.2  0.0 	17.3  0.0 -0.0 -0.0 -0.0 -0.0 -0.0 -0.0 
FC	48492	17.6  1.6  0.0 21.0 54.5  0.7 21.2  0.0 	17.3  0.0 -0.0 -0.0 -0.0 -0.0 -0.0 -0.0 
FC	48492	17.7  0.0  0.0 21.0 54.5  0.7 21.2  0.0 	17.4  0.0 -0.0 -0.0 -0.0 -0.0 -0.0 -0.0 
FC	48492	17.7  0.0  0.0 21.0 54.5  0.7 21.2  0.0 	17.5  0.0 -0.0 -0.0 -0.0 -0.0 -0.0 -0.0 
FC	48492	17.6  0.0  0.0 21.0 54.5  0.7 21.2  0.0 	17.5  0.0 -0.0 -0.0 -0.0 -0.0 -0.0 -0.0 
FC	48492	17.7  0.0  0.0 21.0 54.5  0.7 21.2  0.0 	17.6  0.0 -0.0 -0.0 -0.0 -0.0 -0.0 -0.0 
FC	48492	17.8  0.0  0.0 21.0 54.5  0.7 21.2  0.0 	17.6  0.0 -0.0 -0.0 -0.0 -0.0 -0.0 -0.0 
FC	48492	17.9  0.0  0.0 21.0 54.5  0.7 21.2  0.0 	17.7  0.0 -0.0 -0.0 -0.0 -0.0 -0.0 -0.0 
FC	48492	17.9  1.6  0.0 21.0 54.5  0.7 21.2  0.0 	17.7  0.0 -0.0 -0.0 -0.0 -0.0 -0.0 -0.0 
FC	48492	18.0  0.0  0.0 21.0 54.5  0.7 21.2  0.0 	17.7  0.0 -0.0 -0.0 -0.0 -0.0 -0.0 -0.0 
FC	48492	18.0  0.0  0.0 21.0 54.5  0.7 21.2  0.0 	17.7  0.0 -0.0 -0.0 -0.0 -0.0 -0.0 -0.0 
FC	48492	18.0  0.0  0.0 21.0 54.5  0.7 21.2  0.0 	17.8  0.0 -0.0 -0.0 -0.0 -0.0 -0.0 -0.0 
FC	48492	18.0  0.0  0.0 21.0 54.5  0.7 21.2  0.0 	18.0  0.0 -0.0 -0.0 -0.0 -0.0 -0.0 -0.0 
FC	48492	18.0  0.0  0.0 21.0 54.5  0.7 21.2  0.0 	17.8  0.0 -0.0 -0.0 -0.0 -0.0 -0.0 -0.0 
FC	48492	17.9  0.0  0.0 21.0 54.5  0.7 21.2  0.0 	17.9  0.0 -0.0 -0.0 -0.0 -0.0 -0.0 -0.0 
FC	48492	18.1  0.0  0.0 21.0 54.5  0.7 21.2  0.0 	17.9  0.0 -0.0 -0.0 -0.0 -0.0 -0.0 -0.0 
FC	48492	 0.0  0.0  0.0 21.0 54.5  0.7 21.2  0.0 	17.9  0.0 -0.0 -0.0 -0.0 -0.0 -0.0 -0.0 
FC	48492	18.0  0.0  0.0 21.0 54.5  0.7 21.2  0.0 	17.9  0.0 -0.0 -0.0 -0.0 -0.0 -0.0 -0.0 
FC	48492	18.2  0.0  0.0 21.0 54.5  0.7 21.2  0.0 	19.2  0.0 -0.0 -0.0 -0.0 -0.0 -0.0 -0.0 
FC	48492	19.4  0.0  0.0 21.0 54.5  0.7 21.2  0.0 	18.0  0.0 -0.0 -0.0 -0.0 -0.0 -0.0 -0.0 
FC	48492	18.0  0.0  0.0 21.0 54.5  0.7 21.2  0.0 	18.0  4.9 -0.0 -0.0 -0.0 -0.0 -0.0 -0.0 
FC	48492	18.3  0.0  0.0 21.0 54.5  0.7 21.2  0.0 	18.0  0.0 -0.0 -0.0 -0.0 -0.0 -0.0 -0.0 
FC	48492	18.3  0.0  0.0 21.0 54.5  0.7 21.2  0.0 	18.0  2.0 -0.0 -0.0 -0.0 -0.0 -0.0 -0.0 
FC	48492	18.3  0.0  0.0 21.0 54.5  0.7 21.2  0.0 	18.0  0.0 -0.0 -0.0 -0.0 -0.0 -0.0 -0.0 
FC	48492	18.3  0.0  0.0 21.0 54.5  0.7 21.2  0.0 	18.1  0.0 -0.0 -0.0 -0.0 -0.0 -0.0 -0.0 
FC	48492	17.7  0.0  0.0 21.0 54.5  0.7 21.2  0.0 	18.1  0.0 -0.0 -0.0 -0.0 -0.0 -0.0 -0.0 
FC	48492	18.4  0.0  0.0 21.0 54.5  0.7 21.2  0.0 	18.1  0.0 -0.0 -0.0 -0.0 -0.0 -0.0 -0.0 
FC	48492	18.4  0.0  0.0 21.0 54.5  0.7 21.2  0.0 	17.3  0.0 -0.0 -0.0 -0.0 -0.0 -0.0 -0.0 
FC	48492	18.4  1.6  0.0 21.0 54.5  0.7 21.2  0.0 	18.1  0.0 -0.0 -0.0 -0.0 -0.0 -0.0 -0.0 
FC	48492	18.4  0.0  0.0 21.0 54.5  0.7 21.2  0.0 	18.2  0.0 -0.0 -0.0 -0.0 -0.0 -0.0 -0.0 
FC	48492	18.4  0.0  0.0 21.0 54.5  0.7 21.2  0.0 	18.2  0.0 -0.0 -0.0 -0.0 -0.0 -0.0 -0.0 
FC	48492	18.4  0.0  0.0 21.0 54.5  0.7 21.2  0.0 	18.3  0.0 -0.0 -0.0 -0.0 -0.0 -0.0 -0.0 
FC	48492	18.4  0.0  0.0 21.0 54.5  0.7 21.2  0.0 	18.2  0.0 -0.0 -0.0 -0.0 -0.0 -0.0 -0.0 
FC	48492	18.5  0.0  0.0 21.0 54.5  0.7 21.2  0.0 	18.3  2.7 -0.0 -0.0 -0.0 -0.0 -0.0 -0.0 
FC	48492	18.5  0.0  0.0 21.0 54.5  0.7 21.2  0.0 	18.3  1.5 -0.0 -0.0 -0.0 -0.0 -0.0 -0.0 
FC	48492	18.5  0.0  0.0 21.0 54.5  0.7 21.2  0.0 	18.3  0.0 -0.0 -0.0 -0.0 -0.0 -0.0 -0.0 
FC	48492	18.5  0.0  0.0 21.0 54.5  0.7 21.2  0.0 	18.3  0.0 -0.0 -0.0 -0.0 -0.0 -0.0 -0.0 
FC	48492	18.6  0.0  0.0 21.0 54.5  0.7 21.2  0.0 	18.3  5.1 -0.0 -0.0 -0.0 -0.0 -0.0 -0.0 
FC	48492	 0.0  5.7  0.0 21.0 54.5  0.7 21.2  0.0 	18.3  0.0 -0.0 -0.0 -0.0 -0.0 -0.0 -0.0 
FC	48492	18.6  0.0  0.0 21.0 54.5  0.7 21.2  0.0 	18.2  0.0 -0.0 -0.0 -0.0 -0.0 -0.0 -0.0 
FC	48492	18.6  0.0  0.0 21.0 54.5  0.7 21.2  0.0 	18.3  0.5 -0.0 -0.0 -0.0 -0.0 -0.0 -0.0 
FC	48492	18.4  0.0  0.0 21.0 54.5  0.7 21.2  0.0 	18.3  0.0 -0.0 -0.0 -0.0 -0.0 -0.0 -0.0 
FC	48492	18.0  0.0  0.0 21.0 54.5  0.7 21.2  0.0 	18.3  5.7 -0.0 -0.0 -0.0 -0.0 -0.0 -0.0 
FC	48492	18.7  0.0  0.0 21.0 54.5  0.7 21.2  0.0 	18.6  0.0 -0.0 -0.0 -0.0 -0.0 -0.0 -0.0 
FC	48492	18.7  0.0  0.0 21.0 54.5  0.7 21.2  0.0 	18.4  2.0 -0.0 -0.0 -0.0 -0.0 -0.0 -0.0 
FC	48492	18.7  1.6  0.0 21.0 54.5  0.7 21.2  0.0 	18.4  0.0 -0.0 -0.0 -0.0 -0.0 -0.0 -0.0 
FC	48492	18.0  0.8  0.0 21.0 54.5  0.7 21.2  0.0 	18.6  0.0 -0.0 -0.0 -0.0 -0.0 -0.0 -0.0 
FC	48492	18.7  0.0  0.0 21.0 54.5  0.7 21.2  0.0 	18.4  0.0 -0.0 -0.0 -0.0 -0.0 -0.0 -0.0 
FC	48492	18.7  0.0  0.0 21.0 54.5  0.7 21.2  0.0 	17.7  0.0 -0.0 -0.0 -0.0 -0.0 -0.0 -0.0 
FC	48492	18.9  0.0  0.0 21.0 54.5  0.7 21.2  0.0 	18.5  0.0 -0.0 -0.0 -0.0 -0.0 -0.0 -0.0 
FC	48492	18.8  0.0  0.0 21.0 54.5  0.7 21.2  0.0 	18.5  0.0 -0.0 -0.0 -0.0 -0.0 -0.0 -0.0 
FC	48492	18.8  0.0  0.0 21.0 54.5  0.7 21.2  0.0 	18.5  0.0 -0.0 -0.0 -0.0 -0.0 -0.0 -0.0 
FC	48492	18.8  0.0  0.0 21.0 54.5  0.7 21.2  0.0 	18.5  0.0 -0.0 -0.0 -0.0 -0.0 -0.0 -0.0 
FC	48492	18.8  0.0  0.0 21.0 54.5  0.7 21.2  0.0 	18.5  0.0 -0.0 -0.0 -0.0 -0.0 -0.0 -0.0 
FC	48492	18.8  0.0  0.0 21.0 54.5  0.7 21.2  0.0 	18.5  0.0 -0.0 -0.0 -0.0 -0.0 -0.0 -0.0 
FC	48492	18.8  0.0  0.0 21.0 54.5  0.7 21.2  0.0 	18.6  0.0 -0.0 -0.0 -0.0 -0.0 -0.0 -0.0 
FC	48492	18.8  0.0  0.0 21.0 54.5  0.7 21.2  0.0 	18.6  2.7 -0.0 -0.0 -0.0 -0.0 -0.0 -0.0 
FC	48492	20.4  0.8  0.0 21.0 54.5  0.7 21.2  0.0 	18.6  0.0 -0.0 -0.0 -0.0 -0.0 -0.0 -0.0 
FC	48492	18.8  0.0  0.0 21.0 54.5  0.7 21.2  0.0 	18.6  0.0 -0.0 -0.0 -0.0 -0.0 -0.0 -0.0 
FC	48492	18.8  0.0  0.0 21.0 54.5  0.7 21.2  0.0 	18.6  3.3 -0.0 -0.0 -0.0 -0.0 -0.0 -0.0 
FC	48492	 0.0  0.0  0.0 21.0 54.5  0.7 21.2  0.0 	19.2  0.0 -0.0 -0.0 -0.0 -0.0 -0.0 -0.0 
FC	48492	19.0  0.0  0.0 21.0 54.5  0.7 21.2  0.0 	18.6  0.0 -0.0 -0.0 -0.0 -0.0 -0.0 -0.0 
FC	48492	18.8  0.0  0.0 21.0 54.5  0.7 21.2  0.0 	18.7  0.0 -0.0 -0.0 -0.0 -0.0 -0.0 -0.0 
FC	48492	18.9  0.0  0.0 21.0 54.5  0.7 21.2  0.0 	18.6  0.0 -0.0 -0.0 -0.0 -0.0 -0.0 -0.0 
FC	48492	18.9  0.0  0.0 21.0 54.5  0.7 21.2  0.0 	18.6  0.0 -0.0 -0.0 -0.0 -0.0 -0.0 -0.0 
FC	48492	18.9  0.0  0.0 21.0 54.5  0.7 21.2  0.0 	18.6  0.0 -0.0 -0.0 -0.0 -0.0 -0.0 -0.0 
FC	48492	18.6  0.0  0.0 21.0 54.5  0.7 21.2  0.0 	18.6  0.0 -0.0 -0.0 -0.0 -0.0 -0.0 -0.0 
FC	48492	18.9  0.0  0.0 21.0 54.5  0.7 21.2  0.0 	18.6  0.0 -0.0 -0.0 -0.0 -0.0 -0.0 -0.0 
FC	48492	18.8  0.0  0.0 21.0 54.5  0.7 21.2  0.0 	18.6  0.0 -0.0 -0.0 -0.0 -0.0 -0.0 -0.0 
FC	48492	18.9  0.0  0.0 21.0 54.5  0.7 21.2  0.0 	18.6  0.0 -0.0 -0.0 -0.0 -0.0 -0.0 -0.0 
FC	48492	19.0  0.0  0.0 21.0 54.5  0.7 21.2  0.0 	18.6  0.0 -0.0 -0.0 -0.0 -0.0 -0.0 -0.0 
FC	48492	18.6  0.0  0.0 21.0 54.5  0.7 21.2  0.0 	18.6  0.0 -0.0 -0.0 -0.0 -0.0 -0.0 -0.0 
FC	48492	18.9  0.0  0.0 21.0 54.5  0.7 21.2  0.0 	18.6  0.0 -0.0 -0.0 -0.0 -0.0 -0.0 -0.0 
FC	48492	18.9  0.0  0.0 21.0 54.5  0.7 21.2  0.0 	20.2  0.0 -0.0 -0.0 -0.0 -0.0 -0.0 -0.0 
FC	48492	19.0  0.0  0.0 21.0 54.5  0.7 21.2  0.0 	18.6  0.0 -0.0 -0.0 -0.0 -0.0 -0.0 -0.0 
FC	48492	18.9  0.0  0.0 21.0 54.5  0.7 21.2  0.0 	18.6  0.0 -0.0 -0.0 -0.0 -0.0 -0.0 -0.0 
FC	48492	20.3  0.0  0.0 21.0 54.5  0.7 21.2  0.0 	18.6  0.0 -0.0 -0.0 -0.0 -0.0 -0.0 -0.0 
